1 0 0 -0.2246657013893127 
0 1 0 -0.1996245533227921 
0 0 1 -0.9186304211616516 
0 0 0 1 

0.9994175434112549 -0.02961243689060211 -0.01696242205798626 -0.2064182460308075 
0.02835863456130028 0.9971498250961304 -0.06991411000490189 -0.1431950926780701 
0.01898441463708878 0.06939234584569931 0.9974087476730347 -0.9219715595245361 
0 0 0 1 

0.9381595849990845 -0.3427374958992004 -0.04886221885681152 -0.1636942028999329 
0.2804011106491089 0.8350204825401306 -0.4734087884426117 0.1962962746620178 
0.2030559480190277 0.430431991815567 0.8794865012168884 -0.8888152241706848 
0 0 0 1 

0.9311535358428955 -0.3639966547489166 -0.02143517136573792 -0.2083308696746826 
0.3276717364788055 0.8611205220222473 -0.3887190818786621 0.1134835407137871 
0.1599508076906204 0.3549334406852722 0.9211068749427795 -0.922174334526062 
0 0 0 1 

0.9194307923316956 -0.393019437789917 0.01351575367152691 -0.2634493410587311 
0.3790226578712463 0.8764775991439819 -0.2968648672103882 0.02173487097024918 
0.1048274785280228 0.2780694365501404 0.9548238515853882 -0.9505226016044617 
0 0 0 1 

0.9128928184509277 -0.405354917049408 0.04810334742069244 -0.331089198589325 
0.4040976762771606 0.8807602524757385 -0.2469135373830795 -0.02091508917510509 
0.05772016942501068 0.244844064116478 0.9678428173065186 -0.9765616655349731 
0 0 0 1 

0.8958960771560669 -0.4394325017929077 0.06533905863761902 -0.3650136888027191 
0.4436073899269104 0.8768541812896729 -0.1853080093860626 -0.08257240056991577 
0.0241375882178545 0.1950016021728516 0.9805058240890503 -0.9943372011184692 
0 0 0 1 

0.8885238766670227 -0.4493170380592346 0.09294863790273666 -0.4054859280586243 
0.4576390981674194 0.8824303150177002 -0.1090098768472672 -0.155952513217926 
-0.03304067999124527 0.1393948197364807 0.9896854758262634 -0.9902079105377197 
0 0 0 1 

0.8472033143043518 -0.4770574569702148 0.233800008893013 -0.5496392846107483 
0.5086660385131836 0.8553863763809204 -0.09784039109945297 -0.1774645447731018 
-0.1533137708902359 0.2018169313669205 0.9673493504524231 -0.9560514688491821 
0 0 0 1 

0.8335784077644348 -0.4550274014472961 0.3132042288780212 -0.6474120020866394 
0.5112935900688171 0.850172221660614 -0.1256419718265533 -0.1481519043445587 
-0.2091069370508194 0.2648718357086182 0.9413379430770874 -0.9291648864746094 
0 0 0 1 

