1.000000000000000000e+00 0.000000000000000000e+00 0.000000000000000000e+00 -2.246657013893127441e-01
0.000000000000000000e+00 1.000000000000000000e+00 0.000000000000000000e+00 -1.996245533227920532e-01
0.000000000000000000e+00 0.000000000000000000e+00 1.000000000000000000e+00 -9.186304211616516113e-01
0.000000000000000000e+00 0.000000000000000000e+00 0.000000000000000000e+00 1.000000000000000000e+00
9.993830323219299316e-01 -3.009661287069320679e-02 -1.810548454523086548e-02 -2.051430493593215942e-01
2.874610386788845062e-02 9.970819354057312012e-01 -7.071963697671890259e-02 -1.424428373575210571e-01
2.018108405172824860e-02 7.015553116798400879e-02 9.973318576812744141e-01 -9.222416281700134277e-01
0.000000000000000000e+00 0.000000000000000000e+00 0.000000000000000000e+00 1.000000000000000000e+00
9.960743784904479980e-01 -6.273908913135528564e-02 -6.244726106524467468e-02 -1.580478101968765259e-01
5.251873657107353210e-02 9.867311716079711914e-01 -1.536332815885543823e-01 -7.007172703742980957e-02
7.125753909349441528e-02 1.497505009174346924e-01 9.861525893211364746e-01 -9.270766377449035645e-01
0.000000000000000000e+00 0.000000000000000000e+00 0.000000000000000000e+00 1.000000000000000000e+00
9.863708615303039551e-01 -1.298957318067550659e-01 -1.009928509593009949e-01 -1.097628846764564514e-01
9.665141999721527100e-02 9.541605710983276367e-01 -2.832596898078918457e-01 4.184445738792419434e-02
1.331576555967330933e-01 2.696380019187927246e-01 9.537107944488525391e-01 -9.201824069023132324e-01
0.000000000000000000e+00 0.000000000000000000e+00 0.000000000000000000e+00 1.000000000000000000e+00
9.687280654907226562e-01 -2.144049257040023804e-01 -1.248851120471954346e-01 -7.201062887907028198e-02
1.473700106143951416e-01 9.020960927009582520e-01 -4.055917561054229736e-01 1.456673443317413330e-01
1.996192634105682373e-01 3.745038509368896484e-01 9.054827094078063965e-01 -8.981983065605163574e-01
0.000000000000000000e+00 0.000000000000000000e+00 0.000000000000000000e+00 1.000000000000000000e+00
9.537087082862854004e-01 -2.805017232894897461e-01 -1.084361821413040161e-01 -7.315222173929214478e-02
1.891919970512390137e-01 8.399044275283813477e-01 -5.086912512779235840e-01 2.347654402256011963e-01
2.337648421525955200e-01 4.646280109882354736e-01 8.540928959846496582e-01 -8.652314543724060059e-01
0.000000000000000000e+00 0.000000000000000000e+00 0.000000000000000000e+00 1.000000000000000000e+00
9.383227229118347168e-01 -3.418044447898864746e-01 -5.215484648942947388e-02 -1.610906720161437988e-01
2.778408825397491455e-01 8.351586461067199707e-01 -4.746728539466857910e-01 1.981918364763259888e-01
2.058029025793075562e-01 4.309055805206298828e-01 8.786156177520751953e-01 -8.888573646545410156e-01
0.000000000000000000e+00 0.000000000000000000e+00 0.000000000000000000e+00 1.000000000000000000e+00
9.312627911567687988e-01 -3.634591102600097656e-01 -2.543650195002555847e-02 -2.048104405403137207e-01
3.254783451557159424e-01 8.612593412399291992e-01 -3.902513086795806885e-01 1.155811697244644165e-01
1.637479066848754883e-01 3.551474809646606445e-01 9.203568696975708008e-01 -9.225834012031555176e-01
0.000000000000000000e+00 0.000000000000000000e+00 0.000000000000000000e+00 1.000000000000000000e+00
9.199073314666748047e-01 -3.919908106327056885e-01 1.065961085259914398e-02 -2.610817849636077881e-01
3.770732581615447998e-01 8.767838478088378906e-01 -2.984389066696166992e-01 2.392364665865898132e-02
1.076392084360122681e-01 2.785555720329284668e-01 9.543692469596862793e-01 -9.509804248809814453e-01
0.000000000000000000e+00 0.000000000000000000e+00 0.000000000000000000e+00 1.000000000000000000e+00
9.139270186424255371e-01 -4.037677645683288574e-01 4.133857786655426025e-02 -3.251160979270935059e-01
4.001968204975128174e-01 8.794656395912170410e-01 -2.576482594013214111e-01 -8.577015250921249390e-03
6.767427921295166016e-02 2.520152926445007324e-01 9.653540849685668945e-01 -9.785655736923217773e-01
0.000000000000000000e+00 0.000000000000000000e+00 0.000000000000000000e+00 1.000000000000000000e+00
8.996480703353881836e-01 -4.322757124900817871e-01 6.140847504138946533e-02 -3.631785809993743896e-01
4.356319904327392578e-01 8.792624473571777344e-01 -1.926709860563278198e-01 -7.173833250999450684e-02
2.929286845028400421e-02 2.000875771045684814e-01 9.793400168418884277e-01 -9.955075979232788086e-01
0.000000000000000000e+00 0.000000000000000000e+00 0.000000000000000000e+00 1.000000000000000000e+00
8.941877484321594238e-01 -4.390316903591156006e-01 8.763203769922256470e-02 -4.031062424182891846e-01
4.469048678874969482e-01 8.869509696960449219e-01 -1.165934950113296509e-01 -1.441664546728134155e-01
-2.653706073760986328e-02 1.434196680784225464e-01 9.893060922622680664e-01 -9.924357533454895020e-01
0.000000000000000000e+00 0.000000000000000000e+00 0.000000000000000000e+00 1.000000000000000000e+00
8.260089755058288574e-01 -4.949820637702941895e-01 2.696323990821838379e-01 -5.732742547988891602e-01
5.406023859977722168e-01 8.311123847961425781e-01 -1.303875595331192017e-01 -1.533320099115371704e-01
-1.595552712678909302e-01 2.534653246402740479e-01 9.540951251983642578e-01 -9.460261464118957520e-01
0.000000000000000000e+00 0.000000000000000000e+00 0.000000000000000000e+00 1.000000000000000000e+00
8.334242105484008789e-01 -4.455873966217041016e-01 3.268879950046539307e-01 -6.647158265113830566e-01
5.115697383880615234e-01 8.458076119422912598e-01 -1.513465195894241333e-01 -1.225000023841857910e-01
-2.090461850166320801e-01 2.933619320392608643e-01 9.328656792640686035e-01 -9.212741851806640625e-01
0.000000000000000000e+00 0.000000000000000000e+00 0.000000000000000000e+00 1.000000000000000000e+00
