1 0 0 -0.2246657013893127 
0 1 0 -0.1996245533227921 
0 0 1 -0.9186304211616516 
0 0 0 1 

0.999412477016449 -0.03004014119505882 -0.01650178246200085 -0.2067511677742004 
0.02879427559673786 0.9970496892929077 -0.07115361839532852 -0.1422878950834274 
0.01859054714441299 0.07063666731119156 0.9973288178443909 -0.9222362041473389 
0 0 0 1 

0.9961028695106506 -0.06322529911994934 -0.06149419769644737 -0.1589027643203735 
0.05315326154232025 0.9867179989814758 -0.1534997075796127 -0.07048226147890091 
0.07038255780935287 0.1496328562498093 0.9862332940101624 -0.9270696043968201 
0 0 0 1 

0.940393328666687 -0.336443692445755 -0.04965778812766075 -0.1646995693445206 
0.2737122476100922 0.83540278673172 -0.4766377806663513 0.2008439898490906 
0.2018461376428604 0.4346350431442261 0.8776960372924805 -0.8877984285354614 
0 0 0 1 

0.9347528219223022 -0.3546764552593231 -0.02101792581379414 -0.2113000899553299 
0.3175221979618073 0.860447883605957 -0.3985083401203156 0.1251927018165588 
0.1594264358282089 0.3658331334590912 0.9169237613677979 -0.920262336730957 
0 0 0 1 

0.9236102700233459 -0.3829968571662903 0.0160420686006546 -0.2686915993690491 
0.3692620396614075 0.8776944279670715 -0.3054470121860504 0.03248967975378036 
0.1029052734375 0.2880377471446991 0.9520739316940308 -0.9490299224853516 
0 0 0 1 

0.9095731377601624 -0.4130768477916718 0.0452127531170845 -0.3261381685733795 
0.4115526974201202 0.8804454207420349 -0.2354571521282196 -0.03514318540692329 
0.05745457857847214 0.2327729165554047 0.9708324670791626 -0.9779133200645447 
0 0 0 1 

0.8958777785301208 -0.4390606582164764 0.06803359091281891 -0.3679745197296143 
0.4440008699893951 0.8790940046310425 -0.1733689904212952 -0.09609643369913101 
0.01631162315607071 0.1855244040489197 0.9825042486190796 -0.9926769137382507 
0 0 0 1 

0.8885483145713806 -0.4483544826507568 0.0972626805305481 -0.4102015197277069 
0.4568513035774231 0.8841285705566406 -0.09799692034721375 -0.1685623228549957 
-0.04205533117055893 0.1315096020698547 0.9904224276542664 -0.9873524308204651 
0 0 0 1 

0.848657488822937 -0.4908919036388397 0.1969903558492661 -0.5154560208320618 
0.5066339373588562 0.8614073991775513 -0.03604603186249733 -0.2366524040699005 
-0.1519940495491028 0.1303928792476654 0.979742705821991 -0.9586582779884338 
0 0 0 1 

