1 0 0 -0.2246657013893127 
0 1 0 -0.1996245533227921 
0 0 1 -0.9186304211616516 
0 0 0 1 

0.999412477016449 -0.03004012256860733 -0.01650176011025906 -0.2067501246929169 
0.02879424765706062 0.9970496892929077 -0.07115357369184494 -0.1422886550426483 
0.01859054528176785 0.07063660770654678 0.9973288774490356 -0.9222391843795776 
0 0 0 1 

0.9961028695106506 -0.06322524696588516 -0.06149415671825409 -0.1589025557041168 
0.05315323546528816 0.9867179989814758 -0.1534996032714844 -0.0704817995429039 
0.0703825056552887 0.1496327519416809 0.9862332940101624 -0.9270696043968201 
0 0 0 1 

0.9403933882713318 -0.336443692445755 -0.04965779557824135 -0.1646995842456818 
0.2737122476100922 0.83540278673172 -0.4766377806663513 0.2008440941572189 
0.2018461227416992 0.4346350431442261 0.8776960372924805 -0.8877983689308167 
0 0 0 1 

0.9347528219223022 -0.3546764552593231 -0.02101792208850384 -0.2113000750541687 
0.3175221979618073 0.860447883605957 -0.3985083401203156 0.125192791223526 
0.1594264358282089 0.3658331334590912 0.9169238209724426 -0.9202622771263123 
0 0 0 1 

0.9236103296279907 -0.3829967081546783 0.01604205556213856 -0.2686916887760162 
0.3692618906497955 0.8776944875717163 -0.3054468929767609 0.03248973935842514 
0.1029052287340164 0.2880376279354095 0.9520739316940308 -0.949029803276062 
0 0 0 1 

0.9095730781555176 -0.4130768775939941 0.0452127605676651 -0.3261381089687347 
0.4115527272224426 0.8804454207420349 -0.2354571670293808 -0.0351431630551815 
0.05745458602905273 0.2327729314565659 0.9708324670791626 -0.9779133200645447 
0 0 0 1 

0.8958778381347656 -0.4390606582164764 0.06803358346223831 -0.3679745197296143 
0.4440008699893951 0.8790940046310425 -0.173368975520134 -0.09609643369913101 
0.01631161943078041 0.1855243891477585 0.9825042486190796 -0.9926769137382507 
0 0 0 1 

0.8885484337806702 -0.4483543634414673 0.09726263582706451 -0.4102016389369965 
0.4568511843681335 0.8841286897659302 -0.09799690544605255 -0.1685623824596405 
-0.04205534234642982 0.1315095573663712 0.9904224276542664 -0.9873524904251099 
0 0 0 1 

0.8468914031982422 -0.4896603524684906 0.2073825597763062 -0.5267778635025024 
0.5028904676437378 0.8642517328262329 -0.01303793489933014 -0.2578079700469971 
-0.1728465557098389 0.1153324693441391 0.9781730175018311 -0.9484429359436035 
0 0 0 1 

