1.000000000000000000e+00 0.000000000000000000e+00 0.000000000000000000e+00 -2.246657013893127441e-01
0.000000000000000000e+00 1.000000000000000000e+00 0.000000000000000000e+00 -1.996245533227920532e-01
0.000000000000000000e+00 0.000000000000000000e+00 1.000000000000000000e+00 -9.186304211616516113e-01
0.000000000000000000e+00 0.000000000000000000e+00 0.000000000000000000e+00 1.000000000000000000e+00
9.994175434112548828e-01 -2.961242198944091797e-02 -1.696241833269596100e-02 -2.064200192689895630e-01
2.835862152278423309e-02 9.971498250961303711e-01 -6.991408020257949829e-02 -1.431938856840133667e-01
1.898440718650817871e-02 6.939232349395751953e-02 9.974088072776794434e-01 -9.219665527343750000e-01
0.000000000000000000e+00 0.000000000000000000e+00 0.000000000000000000e+00 1.000000000000000000e+00
9.960183501243591309e-01 -6.500027328729629517e-02 -6.101126596331596375e-02 -1.588958203792572021e-01
5.497809126973152161e-02 9.866049289703369141e-01 -1.535836756229400635e-01 -7.072821259498596191e-02
7.017706334590911865e-02 1.496178507804870605e-01 9.862502217292785645e-01 -9.269602894783020020e-01
0.000000000000000000e+00 0.000000000000000000e+00 0.000000000000000000e+00 1.000000000000000000e+00
9.862464666366577148e-01 -1.323921680450439453e-01 -9.894558042287826538e-02 -1.111168190836906433e-01
9.989380836486816406e-02 9.544008374214172363e-01 -2.813186347484588623e-01 3.913069516420364380e-02
1.316781491041183472e-01 2.675654888153076172e-01 9.544996023178100586e-01 -9.201961159706115723e-01
0.000000000000000000e+00 0.000000000000000000e+00 0.000000000000000000e+00 1.000000000000000000e+00
9.686334729194641113e-01 -2.159596085548400879e-01 -1.229250878095626831e-01 -7.336910068988800049e-02
1.494641602039337158e-01 9.015296697616577148e-01 -4.060846567153930664e-01 1.454525589942932129e-01
1.985184997320175171e-01 3.749743103981018066e-01 9.055299758911132812e-01 -8.982110619544982910e-01
0.000000000000000000e+00 0.000000000000000000e+00 0.000000000000000000e+00 1.000000000000000000e+00
9.538740515708923340e-01 -2.808204889297485352e-01 -1.061325147747993469e-01 -7.523275166749954224e-02
1.905559599399566650e-01 8.395507335662841797e-01 -5.087660551071166992e-01 2.345689982175827026e-01
2.319756150245666504e-01 4.650745093822479248e-01 8.543376922607421875e-01 -8.652181029319763184e-01
0.000000000000000000e+00 0.000000000000000000e+00 0.000000000000000000e+00 1.000000000000000000e+00
9.381595253944396973e-01 -3.427375853061676025e-01 -4.886218532919883728e-02 -1.636943966150283813e-01
2.804012000560760498e-01 8.350203633308410645e-01 -4.734088480472564697e-01 1.962958723306655884e-01
2.030560225248336792e-01 4.304320216178894043e-01 8.794864416122436523e-01 -8.888149261474609375e-01
0.000000000000000000e+00 0.000000000000000000e+00 0.000000000000000000e+00 1.000000000000000000e+00
9.311534166336059570e-01 -3.639970421791076660e-01 -2.143512293696403503e-02 -2.083310782909393311e-01
3.276720345020294189e-01 8.611201643943786621e-01 -3.887194991111755371e-01 1.134831905364990234e-01
1.599510461091995239e-01 3.549337983131408691e-01 9.211066961288452148e-01 -9.221742153167724609e-01
0.000000000000000000e+00 0.000000000000000000e+00 0.000000000000000000e+00 1.000000000000000000e+00
9.194305539131164551e-01 -3.930198252201080322e-01 1.351583655923604965e-02 -2.634491622447967529e-01
3.790229856967926025e-01 8.764773011207580566e-01 -2.968651056289672852e-01 2.173471264541149139e-02
1.048276498913764954e-01 2.780696749687194824e-01 9.548237323760986328e-01 -9.505228400230407715e-01
0.000000000000000000e+00 0.000000000000000000e+00 0.000000000000000000e+00 1.000000000000000000e+00
9.128927588462829590e-01 -4.053550064563751221e-01 4.810336604714393616e-02 -3.310894072055816650e-01
4.040977358818054199e-01 8.807602524757385254e-01 -2.469135820865631104e-01 -2.091519720852375031e-02
5.772018805146217346e-02 2.448440939188003540e-01 9.678428173065185547e-01 -9.765619635581970215e-01
0.000000000000000000e+00 0.000000000000000000e+00 0.000000000000000000e+00 1.000000000000000000e+00
8.958958983421325684e-01 -4.394328892230987549e-01 6.533914059400558472e-02 -3.650136590003967285e-01
4.436077773571014404e-01 8.768540024757385254e-01 -1.853081583976745605e-01 -8.257245272397994995e-02
2.413764968514442444e-02 1.950017660856246948e-01 9.805058240890502930e-01 -9.943373799324035645e-01
0.000000000000000000e+00 0.000000000000000000e+00 0.000000000000000000e+00 1.000000000000000000e+00
8.885238766670227051e-01 -4.493170976638793945e-01 9.294865280389785767e-02 -4.054857492446899414e-01
4.576391875743865967e-01 8.824302554130554199e-01 -1.090098842978477478e-01 -1.559524238109588623e-01
-3.304069861769676208e-02 1.393948495388031006e-01 9.896854758262634277e-01 -9.902076721191406250e-01
0.000000000000000000e+00 0.000000000000000000e+00 0.000000000000000000e+00 1.000000000000000000e+00
8.472030758857727051e-01 -4.770579338073730469e-01 2.338002622127532959e-01 -5.496387481689453125e-01
5.086665153503417969e-01 8.553861379623413086e-01 -9.784045070409774780e-02 -1.774644702672958374e-01
-1.533139199018478394e-01 2.018171399831771851e-01 9.673492908477783203e-01 -9.560515284538269043e-01
0.000000000000000000e+00 0.000000000000000000e+00 0.000000000000000000e+00 1.000000000000000000e+00
