1 0 0 -0.2246657013893127 
0 1 0 -0.1996245533227921 
0 0 1 -0.9186304211616516 
0 0 0 1 

0.9993830323219299 -0.03009661287069321 -0.01810548454523087 -0.2051430493593216 
0.02874610386788845 0.9970819354057312 -0.0707196369767189 -0.1424428373575211 
0.02018108405172825 0.07015553116798401 0.9973318576812744 -0.9222416281700134 
0 0 0 1 

0.9312627911567688 -0.3634591102600098 -0.02543650195002556 -0.2048104405403137 
0.3254783451557159 0.8612593412399292 -0.3902513086795807 0.1155811697244644 
0.1637479066848755 0.3551474809646606 0.9203568696975708 -0.9225834012031555 
0 0 0 1 

0.9199073314666748 -0.3919908106327057 0.01065961085259914 -0.2610817849636078 
0.3770732581615448 0.8767838478088379 -0.2984389066696167 0.02392364665865898 
0.1076392084360123 0.2785555720329285 0.9543692469596863 -0.9509804248809814 
0 0 0 1 

0.9139270186424255 -0.4037677645683289 0.04133857786655426 -0.3251160979270935 
0.4001968204975128 0.879465639591217 -0.2576482594013214 -0.008577015250921249 
0.06767427921295166 0.2520152926445007 0.9653540849685669 -0.9785655736923218 
0 0 0 1 

0.8996480703353882 -0.4322757124900818 0.06140847504138947 -0.3631785809993744 
0.4356319904327393 0.8792624473571777 -0.1926709860563278 -0.07173833250999451 
0.029292868450284 0.2000875771045685 0.9793400168418884 -0.9955075979232788 
0 0 0 1 

0.8941877484321594 -0.4390316903591156 0.08763203769922256 -0.4031062424182892 
0.4469048678874969 0.8869509696960449 -0.1165934950113297 -0.1441664546728134 
-0.02653706073760986 0.1434196680784225 0.9893060922622681 -0.9924357533454895 
0 0 0 1 

0.8260089755058289 -0.4949820637702942 0.2696323990821838 -0.5732742547988892 
0.5406023859977722 0.8311123847961426 -0.1303875595331192 -0.1533320099115372 
-0.1595552712678909 0.253465324640274 0.9540951251983643 -0.9460261464118958 
0 0 0 1 

0.8334242105484009 -0.4455873966217041 0.3268879950046539 -0.6647158265113831 
0.5115697383880615 0.8458076119422913 -0.1513465195894241 -0.1225000023841858 
-0.2090461850166321 0.2933619320392609 0.9328656792640686 -0.9212741851806641 
0 0 0 1 

0.8037837743759155 -0.5251264572143555 0.27959805727005 -0.6278179287910461 
0.5641592741012573 0.8219681978225708 -0.07805784791707993 -0.2033089995384216 
-0.1888301223516464 0.2204792201519012 0.9569389820098877 -0.9611552357673645 
0 0 0 1 

