1 0 0 -0.2246657013893127 
0 1 0 -0.1996245533227921 
0 0 1 -0.9186304211616516 
0 0 0 1 

0.9996211528778076 -0.02467284351587296 -0.01219860836863518 -0.2115497440099716 
0.02350728958845139 0.9958528280258179 -0.08788953721523285 -0.1230742633342743 
0.01431651320308447 0.0875694751739502 0.996055543422699 -0.9224390387535095 
0 0 0 1 

0.9941796660423279 -0.08040988445281982 -0.07170076668262482 -0.1455710679292679 
0.06775133311748505 0.9840958118438721 -0.1642109453678131 -0.06052874401211739 
0.08376459032297134 0.158397376537323 0.9838159680366516 -0.9283479452133179 
0 0 0 1 

0.9830808639526367 -0.1493565589189529 -0.1060407236218452 -0.1004575118422508 
0.1126970574259758 0.9495570063591003 -0.2926444113254547 0.05058995634317398 
0.1444001048803329 0.2757426202297211 0.9503234028816223 -0.9194863438606262 
0 0 0 1 

0.9642018675804138 -0.230861559510231 -0.1304514110088348 -0.06266475468873978 
0.1596874743700027 0.898274302482605 -0.4093935191631317 0.1500138938426971 
0.2116944491863251 0.3739065229892731 0.9029834866523743 -0.8971636295318604 
0 0 0 1 

0.9477537274360657 -0.2982779145240784 -0.1131063103675842 -0.06424512714147568 
0.1998921185731888 0.8316150307655334 -0.5181306004524231 0.2448534518480301 
0.2486079186201096 0.4684511125087738 0.8477897644042969 -0.8625307679176331 
0 0 0 1 

0.9389352798461914 -0.3333477973937988 -0.08532042801380157 -0.09731338918209076 
0.2291087955236435 0.7906515598297119 -0.5677837729454041 0.2882282435894012 
0.2567283809185028 0.5135646462440491 0.8187438249588013 -0.8320695757865906 
0 0 0 1 

