1 0 0 -0.2246657013893127 
0 1 0 -0.1996245533227921 
0 0 1 -0.9186304211616516 
0 0 0 1 

0.9996211528778076 -0.02467289194464684 -0.01219863537698984 -0.2115502804517746 
0.02350733801722527 0.9958528280258179 -0.08788970857858658 -0.1230740547180176 
0.01431653834879398 0.08756964653730392 0.996055543422699 -0.9224368929862976 
0 0 0 1 

0.9941796660423279 -0.08040989190340042 -0.07170076668262482 -0.1455713659524918 
0.06775134056806564 0.9840958118438721 -0.1642109453678131 -0.0605284683406353 
0.08376459032297134 0.158397376537323 0.9838159680366516 -0.9283470511436462 
0 0 0 1 

0.9830808639526367 -0.1493566483259201 -0.1060407757759094 -0.1004578247666359 
0.11269710958004 0.9495569467544556 -0.292644590139389 0.05058987438678741 
0.1444001942873001 0.2757427990436554 0.9503233432769775 -0.9194858074188232 
0 0 0 1 

0.9642018675804138 -0.2308616936206818 -0.1304514408111572 -0.06266471743583679 
0.1596875190734863 0.8982741832733154 -0.409393697977066 0.1500137746334076 
0.2116945683956146 0.3739066421985626 0.9029833674430847 -0.8971639275550842 
0 0 0 1 

0.9477537274360657 -0.2982780337333679 -0.1131063178181648 -0.06424532830715179 
0.1998921781778336 0.8316149711608887 -0.5181307196617126 0.2448531091213226 
0.2486080229282379 0.468451201915741 0.8477896451950073 -0.862530529499054 
0 0 0 1 

0.9406176805496216 -0.3260213434696198 -0.09459253400564194 -0.0867065042257309 
0.2159411162137985 0.7896499037742615 -0.5743011832237244 0.2958365380764008 
0.2619296014308929 0.5197713375091553 0.8131606578826904 -0.8285295963287354 
0 0 0 1 

