1 0 0 -0.2246657013893127 
0 1 0 -0.1996245533227921 
0 0 1 -0.9186304211616516 
0 0 0 1 

0.9988583326339722 -0.0427226796746254 -0.02137355878949165 -0.1994676440954208 
0.04105713218450546 0.9964803457260132 -0.07308342307806015 -0.1428406983613968 
0.02442065440118313 0.07212244719266891 0.9970967769622803 -0.9235793352127075 
0 0 0 1 

0.9951658844947815 -0.07268889993429184 -0.06603870540857315 -0.1526097655296326 
0.06183706596493721 0.9861886501312256 -0.1536491811275482 -0.07206183671951294 
0.07629524171352386 0.1488227844238281 0.9859161972999573 -0.9281103014945984 
0 0 0 1 

0.9839843511581421 -0.1451159119606018 -0.1035189405083656 -0.1040106862783432 
0.1097297668457031 0.9507750272750854 -0.2898036539554596 0.04521263018250465 
0.1404783874750137 0.2738031446933746 0.9514712691307068 -0.9209033250808716 
0 0 0 1 

0.9665176868438721 -0.2234784215688705 -0.1260986477136612 -0.06866564601659775 
0.1537560373544693 0.897817850112915 -0.4126523733139038 0.1509860008955002 
0.2054325938224792 0.379447340965271 0.9021180272102356 -0.8978064060211182 
0 0 0 1 

0.9513543844223022 -0.2885667681694031 -0.1079540625214577 -0.07153406739234924 
0.1958443969488144 0.8368856906890869 -0.5111430883407593 0.2360696941614151 
0.2378441393375397 0.4651359915733337 0.8526890277862549 -0.8652356266975403 
0 0 0 1 

0.9354971647262573 -0.3495518863201141 -0.05156102031469345 -0.1593908071517944 
0.2843247354030609 0.8313635587692261 -0.4774871468544006 0.1994761377573013 
0.2097725570201874 0.4320277571678162 0.877124547958374 -0.8890640139579773 
0 0 0 1 

0.9278001189231873 -0.3723801374435425 -0.02280022576451302 -0.2046167999505997 
0.3340762853622437 0.8564599752426147 -0.3935341835021973 0.1166459023952484 
0.166071891784668 0.3575040102005005 0.9190271496772766 -0.9227457046508789 
0 0 0 1 

0.9172094464302063 -0.3982131481170654 0.01237109210342169 -0.2608211934566498 
0.3831788897514343 0.8732274770736694 -0.3010773658752441 0.02465785294771194 
0.109090268611908 0.2808912992477417 0.9535194635391235 -0.951479971408844 
0 0 0 1 

0.9084473252296448 -0.4135900139808655 0.06055250391364098 -0.3402236104011536 
0.4164469242095947 0.883054256439209 -0.2163028866052628 -0.05343176797032356 
0.03598965331912041 0.2217166870832443 0.974446713924408 -0.9714140892028809 
0 0 0 1 

