1.000000000000000000e+00 0.000000000000000000e+00 0.000000000000000000e+00 -2.246657013893127441e-01
0.000000000000000000e+00 1.000000000000000000e+00 0.000000000000000000e+00 -1.996245533227920532e-01
0.000000000000000000e+00 0.000000000000000000e+00 1.000000000000000000e+00 -9.186304211616516113e-01
0.000000000000000000e+00 0.000000000000000000e+00 0.000000000000000000e+00 1.000000000000000000e+00
9.988583326339721680e-01 -4.272267967462539673e-02 -2.137355878949165344e-02 -1.994676440954208374e-01
4.105713218450546265e-02 9.964803457260131836e-01 -7.308342307806015015e-02 -1.428406983613967896e-01
2.442065440118312836e-02 7.212244719266891479e-02 9.970967769622802734e-01 -9.235793352127075195e-01
0.000000000000000000e+00 0.000000000000000000e+00 0.000000000000000000e+00 1.000000000000000000e+00
9.951658844947814941e-01 -7.268889993429183960e-02 -6.603870540857315063e-02 -1.526097655296325684e-01
6.183706596493721008e-02 9.861886501312255859e-01 -1.536491811275482178e-01 -7.206183671951293945e-02
7.629524171352386475e-02 1.488227844238281250e-01 9.859161972999572754e-01 -9.281103014945983887e-01
0.000000000000000000e+00 0.000000000000000000e+00 0.000000000000000000e+00 1.000000000000000000e+00
9.839843511581420898e-01 -1.451159119606018066e-01 -1.035189405083656311e-01 -1.040106862783432007e-01
1.097297668457031250e-01 9.507750272750854492e-01 -2.898036539554595947e-01 4.521263018250465393e-02
1.404783874750137329e-01 2.738031446933746338e-01 9.514712691307067871e-01 -9.209033250808715820e-01
0.000000000000000000e+00 0.000000000000000000e+00 0.000000000000000000e+00 1.000000000000000000e+00
9.665176868438720703e-01 -2.234784215688705444e-01 -1.260986477136611938e-01 -6.866564601659774780e-02
1.537560373544692993e-01 8.978178501129150391e-01 -4.126523733139038086e-01 1.509860008955001831e-01
2.054325938224792480e-01 3.794473409652709961e-01 9.021180272102355957e-01 -8.978064060211181641e-01
0.000000000000000000e+00 0.000000000000000000e+00 0.000000000000000000e+00 1.000000000000000000e+00
9.513543844223022461e-01 -2.885667681694030762e-01 -1.079540625214576721e-01 -7.153406739234924316e-02
1.958443969488143921e-01 8.368856906890869141e-01 -5.111430883407592773e-01 2.360696941614151001e-01
2.378441393375396729e-01 4.651359915733337402e-01 8.526890277862548828e-01 -8.652356266975402832e-01
0.000000000000000000e+00 0.000000000000000000e+00 0.000000000000000000e+00 1.000000000000000000e+00
9.354971647262573242e-01 -3.495518863201141357e-01 -5.156102031469345093e-02 -1.593908071517944336e-01
2.843247354030609131e-01 8.313635587692260742e-01 -4.774871468544006348e-01 1.994761377573013306e-01
2.097725570201873779e-01 4.320277571678161621e-01 8.771245479583740234e-01 -8.890640139579772949e-01
0.000000000000000000e+00 0.000000000000000000e+00 0.000000000000000000e+00 1.000000000000000000e+00
9.278001189231872559e-01 -3.723801374435424805e-01 -2.280022576451301575e-02 -2.046167999505996704e-01
3.340762853622436523e-01 8.564599752426147461e-01 -3.935341835021972656e-01 1.166459023952484131e-01
1.660718917846679688e-01 3.575040102005004883e-01 9.190271496772766113e-01 -9.227457046508789062e-01
0.000000000000000000e+00 0.000000000000000000e+00 0.000000000000000000e+00 1.000000000000000000e+00
9.172094464302062988e-01 -3.982131481170654297e-01 1.237109210342168808e-02 -2.608211934566497803e-01
3.831788897514343262e-01 8.732274770736694336e-01 -3.010773658752441406e-01 2.465785294771194458e-02
1.090902686119079590e-01 2.808912992477416992e-01 9.535194635391235352e-01 -9.514799714088439941e-01
0.000000000000000000e+00 0.000000000000000000e+00 0.000000000000000000e+00 1.000000000000000000e+00
9.084473252296447754e-01 -4.135900139808654785e-01 6.055250391364097595e-02 -3.402236104011535645e-01
4.164469242095947266e-01 8.830542564392089844e-01 -2.163028866052627563e-01 -5.343176797032356262e-02
3.598965331912040710e-02 2.217166870832443237e-01 9.744467139244079590e-01 -9.714140892028808594e-01
0.000000000000000000e+00 0.000000000000000000e+00 0.000000000000000000e+00 1.000000000000000000e+00
