1.000000000000000000e+00 0.000000000000000000e+00 0.000000000000000000e+00 -2.246657013893127441e-01
0.000000000000000000e+00 1.000000000000000000e+00 0.000000000000000000e+00 -1.996245533227920532e-01
0.000000000000000000e+00 0.000000000000000000e+00 1.000000000000000000e+00 -9.186304211616516113e-01
0.000000000000000000e+00 0.000000000000000000e+00 0.000000000000000000e+00 1.000000000000000000e+00
9.993229508399963379e-01 -3.096801228821277618e-02 -1.986510492861270905e-02 -2.035440504550933838e-01
2.939786948263645172e-02 9.967517256736755371e-01 -7.497840374708175659e-02 -1.389900743961334229e-01
2.212252095341682434e-02 7.434365898370742798e-02 9.969872832298278809e-01 -9.236523509025573730e-01
0.000000000000000000e+00 0.000000000000000000e+00 0.000000000000000000e+00 1.000000000000000000e+00
9.957122802734375000e-01 -6.730466336011886597e-02 -6.345840543508529663e-02 -1.562849283218383789e-01
5.679419636726379395e-02 9.862922430038452148e-01 -1.549259126186370850e-01 -7.016962766647338867e-02
7.301580160856246948e-02 1.506575793027877808e-01 9.858858585357666016e-01 -9.279167652130126953e-01
0.000000000000000000e+00 0.000000000000000000e+00 0.000000000000000000e+00 1.000000000000000000e+00
9.856058955192565918e-01 -1.344482451677322388e-01 -1.024929285049438477e-01 -1.074979454278945923e-01
9.968920797109603882e-02 9.518346190452575684e-01 -2.899533510208129883e-01 4.694866761565208435e-02
1.365400701761245728e-01 2.755622863769531250e-01 9.515367150306701660e-01 -9.206138849258422852e-01
0.000000000000000000e+00 0.000000000000000000e+00 0.000000000000000000e+00 1.000000000000000000e+00
9.683287739753723145e-01 -2.166139483451843262e-01 -1.241681724786758423e-01 -7.212942838668823242e-02
1.481017321348190308e-01 8.986937403678894043e-01 -4.128138422966003418e-01 1.519166678190231323e-01
2.010104507207870483e-01 3.813499212265014648e-01 9.023119211196899414e-01 -8.975223302841186523e-01
0.000000000000000000e+00 0.000000000000000000e+00 0.000000000000000000e+00 1.000000000000000000e+00
9.535074234008789062e-01 -2.817290127277374268e-01 -1.070154979825019836e-01 -7.421188801527023315e-02
1.902030259370803833e-01 8.380085825920104980e-01 -5.114336609840393066e-01 2.369134724140167236e-01
2.337656319141387939e-01 4.673011004924774170e-01 8.526331186294555664e-01 -8.649276494979858398e-01
0.000000000000000000e+00 0.000000000000000000e+00 0.000000000000000000e+00 1.000000000000000000e+00
9.381545186042785645e-01 -3.426894247531890869e-01 -4.929602891206741333e-02 -1.633580327033996582e-01
2.787863910198211670e-01 8.321667909622192383e-01 -4.793500304222106934e-01 2.020087540149688721e-01
2.052907645702362061e-01 4.359612762928009033e-01 8.762382268905639648e-01 -8.880030512809753418e-01
0.000000000000000000e+00 0.000000000000000000e+00 0.000000000000000000e+00 1.000000000000000000e+00
9.314500093460083008e-01 -3.631385266780853271e-01 -2.304582484066486359e-02 -2.071085572242736816e-01
3.248634934425354004e-01 8.584612607955932617e-01 -3.968725204467773438e-01 1.216182261705398560e-01
1.639037579298019409e-01 3.621801435947418213e-01 9.175843596458435059e-01 -9.218479394912719727e-01
0.000000000000000000e+00 0.000000000000000000e+00 0.000000000000000000e+00 1.000000000000000000e+00
9.210765957832336426e-01 -3.891879022121429443e-01 1.227280870079994202e-02 -2.634915113449096680e-01
3.740860521793365479e-01 8.757088780403137207e-01 -3.052759766578674316e-01 3.074717335402965546e-02
1.080623865127563477e-01 2.857735753059387207e-01 9.521847963333129883e-01 -9.508838653564453125e-01
0.000000000000000000e+00 0.000000000000000000e+00 0.000000000000000000e+00 1.000000000000000000e+00
9.024232029914855957e-01 -4.283953905105590820e-01 4.593128710985183716e-02 -3.221639394760131836e-01
4.278004467487335205e-01 8.782656192779541016e-01 -2.136260122060775757e-01 -6.265833973884582520e-02
5.117662996053695679e-02 2.124305069446563721e-01 9.758351445198059082e-01 -9.777590632438659668e-01
0.000000000000000000e+00 0.000000000000000000e+00 0.000000000000000000e+00 1.000000000000000000e+00
