1 0 0 -0.2246657013893127 
0 1 0 -0.1996245533227921 
0 0 1 -0.9186304211616516 
0 0 0 1 

0.999133825302124 -0.0363168865442276 -0.02031300589442253 -0.2017140835523605 
0.034452173858881 0.9957306981086731 -0.08563515543937683 -0.1293359100818634 
0.02333628386259079 0.0848611444234848 0.9961194396018982 -0.9247986674308777 
0 0 0 1 

0.9937282204627991 -0.08617232739925385 -0.07126445323228836 -0.1445631235837936 
0.07441163808107376 0.985296368598938 -0.1537984758615494 -0.07272409647703171 
0.08346975594758987 0.1475309878587723 0.9855290651321411 -0.928210437297821 
0 0 0 1 

0.9820519685745239 -0.1550743728876114 -0.1073585152626038 -0.09792343527078629 
0.1186639815568924 0.9504343867301941 -0.2873902320861816 0.04327860847115517 
0.1466041207313538 0.2694925367832184 0.9517777562141418 -0.9206008911132812 
0 0 0 1 

0.963695764541626 -0.2337821871042252 -0.1289817094802856 -0.06326831877231598 
0.1635541915893555 0.8987046480178833 -0.4069149494171143 0.1456841081380844 
0.2110460251569748 0.3710466623306274 0.9043139219284058 -0.8982502818107605 
0 0 0 1 

0.9482121467590332 -0.2976432740688324 -0.1109151765704155 -0.06630613654851913 
0.2013492733240128 0.8333006501197815 -0.5148479342460632 0.2402268946170807 
0.2456667572259903 0.4658523499965668 0.8500760793685913 -0.8639281988143921 
0 0 0 1 

0.9314988851547241 -0.3590924739837646 -0.05798564851284027 -0.1509310752153397 
0.2891339361667633 0.8276900053024292 -0.4809683859348297 0.2031832039356232 
0.2207063734531403 0.4312558472156525 0.8748182058334351 -0.8890013694763184 
0 0 0 1 

0.9291400909423828 -0.364763081073761 -0.06038869544863701 -0.1556617766618729 
0.2992200553417206 0.837794303894043 -0.4566927552223206 0.1805031001567841 
0.217178001999855 0.4062619507312775 0.8875725269317627 -0.9018745422363281 
0 0 0 1 

