1.000000000000000000e+00 0.000000000000000000e+00 0.000000000000000000e+00 -2.246657013893127441e-01
0.000000000000000000e+00 1.000000000000000000e+00 0.000000000000000000e+00 -1.996245533227920532e-01
0.000000000000000000e+00 0.000000000000000000e+00 1.000000000000000000e+00 -9.186304211616516113e-01
0.000000000000000000e+00 0.000000000000000000e+00 0.000000000000000000e+00 1.000000000000000000e+00
9.993718862533569336e-01 -3.105931542813777924e-02 -1.705954037606716156e-02 -2.059211134910583496e-01
2.970887348055839539e-02 9.967857003211975098e-01 -7.440212368965148926e-02 -1.390629112720489502e-01
1.931559108197689056e-02 7.384856790304183960e-02 9.970824122428894043e-01 -9.225156903266906738e-01
0.000000000000000000e+00 0.000000000000000000e+00 0.000000000000000000e+00 1.000000000000000000e+00
9.958792328834533691e-01 -6.651805341243743896e-02 -6.164295598864555359e-02 -1.579447537660598755e-01
5.623413622379302979e-02 9.862023591995239258e-01 -1.556996703147888184e-01 -6.853678822517395020e-02
7.114934176206588745e-02 1.515916138887405396e-01 9.858790636062622070e-01 -9.270982146263122559e-01
0.000000000000000000e+00 0.000000000000000000e+00 0.000000000000000000e+00 1.000000000000000000e+00
9.861161708831787109e-01 -1.335384547710418701e-01 -9.870329499244689941e-02 -1.109264492988586426e-01
1.007876396179199219e-01 9.537047743797302246e-01 -2.833532691001892090e-01 4.154666885733604431e-02
1.319724023342132568e-01 2.694711685180664062e-01 9.539226889610290527e-01 -9.198747277259826660e-01
0.000000000000000000e+00 0.000000000000000000e+00 0.000000000000000000e+00 1.000000000000000000e+00
9.688050746917724609e-01 -2.150516659021377563e-01 -1.231639683246612549e-01 -7.329253852367401123e-02
1.480067074298858643e-01 9.006984829902648926e-01 -4.084558188915252686e-01 1.486490070819854736e-01
1.987727284431457520e-01 3.774850368499755859e-01 9.044303894042968750e-01 -8.975305557250976562e-01
0.000000000000000000e+00 0.000000000000000000e+00 0.000000000000000000e+00 1.000000000000000000e+00
9.536659717559814453e-01 -2.804875969886779785e-01 -1.088478192687034607e-01 -7.285033166408538818e-02
1.886163502931594849e-01 8.392248153686523438e-01 -5.100248456001281738e-01 2.366659343242645264e-01
2.344034761190414429e-01 4.658629000186920166e-01 8.532447814941406250e-01 -8.647528886795043945e-01
0.000000000000000000e+00 0.000000000000000000e+00 0.000000000000000000e+00 1.000000000000000000e+00
9.377195239067077637e-01 -3.435175120830535889e-01 -5.174757540225982666e-02 -1.609190255403518677e-01
2.788093388080596924e-01 8.330562710762023926e-01 -4.777891337871551514e-01 2.013700306415557861e-01
2.072376012802124023e-01 4.336044490337371826e-01 8.769490122795104980e-01 -8.881857395172119141e-01
0.000000000000000000e+00 0.000000000000000000e+00 0.000000000000000000e+00 1.000000000000000000e+00
9.313260912895202637e-01 -3.635183572769165039e-01 -2.204579673707485199e-02 -2.077593058347702026e-01
3.262038230895996094e-01 8.595811128616333008e-01 -3.933334946632385254e-01 1.186421141028404236e-01
1.619341671466827393e-01 3.591302931308746338e-01 9.191314578056335449e-01 -9.214599728584289551e-01
0.000000000000000000e+00 0.000000000000000000e+00 0.000000000000000000e+00 1.000000000000000000e+00
9.200213551521301270e-01 -3.916618227958679199e-01 1.271404046565294266e-02 -2.629916369915008545e-01
3.772515952587127686e-01 8.764601349830627441e-01 -2.991634011268615723e-01 2.482648380100727081e-02
1.060275882482528687e-01 2.800331115722656250e-01 9.541171193122863770e-01 -9.504213929176330566e-01
0.000000000000000000e+00 0.000000000000000000e+00 0.000000000000000000e+00 1.000000000000000000e+00
9.131606817245483398e-01 -4.053195714950561523e-01 4.305277764797210693e-02 -3.263723552227020264e-01
4.021179378032684326e-01 8.785756230354309082e-01 -2.576933205127716064e-01 -9.146748110651969910e-03
6.662306189537048340e-02 2.526277005672454834e-01 9.652671217918395996e-01 -9.781463742256164551e-01
0.000000000000000000e+00 0.000000000000000000e+00 0.000000000000000000e+00 1.000000000000000000e+00
8.963176012039184570e-01 -4.390954673290252686e-01 6.172423437237739563e-02 -3.615514338016510010e-01
4.422809779644012451e-01 8.753873109817504883e-01 -1.951522231101989746e-01 -7.147443294525146484e-02
3.165789321064949036e-02 2.022178173065185547e-01 9.788287281990051270e-01 -9.961679577827453613e-01
0.000000000000000000e+00 0.000000000000000000e+00 0.000000000000000000e+00 1.000000000000000000e+00
8.873704671859741211e-01 -4.534148871898651123e-01 8.359663188457489014e-02 -3.948318958282470703e-01
4.606831967830657959e-01 8.792536258697509766e-01 -1.211770772933959961e-01 -1.440129876136779785e-01
-1.855910196900367737e-02 1.460405439138412476e-01 9.891044497489929199e-01 -9.958178400993347168e-01
0.000000000000000000e+00 0.000000000000000000e+00 0.000000000000000000e+00 1.000000000000000000e+00
7.701272964477539062e-01 -5.552336573600769043e-01 3.140371441841125488e-01 -5.897678136825561523e-01
6.148960590362548828e-01 7.771613597869873047e-01 -1.338761150836944580e-01 -1.717258393764495850e-01
-1.697249561548233032e-01 2.962019443511962891e-01 9.399243593215942383e-01 -9.325715303421020508e-01
0.000000000000000000e+00 0.000000000000000000e+00 0.000000000000000000e+00 1.000000000000000000e+00
8.269647955894470215e-01 -4.546349644660949707e-01 3.308112621307373047e-01 -6.651099920272827148e-01
5.289537310600280762e-01 8.285518288612365723e-01 -1.836014688014984131e-01 -9.674253314733505249e-02
-1.906225383281707764e-01 3.268159031867980957e-01 9.256642460823059082e-01 -9.224870204925537109e-01
0.000000000000000000e+00 0.000000000000000000e+00 0.000000000000000000e+00 1.000000000000000000e+00
9.144770503044128418e-01 -3.795618116855621338e-01 1.402301341295242310e-01 -5.643790364265441895e-01
4.015125930309295654e-01 8.941692709922790527e-01 -1.981132179498672485e-01 -1.739395037293434143e-02
-5.019323900341987610e-02 2.374741733074188232e-01 9.700962305068969727e-01 -1.055697798728942871e+00
0.000000000000000000e+00 0.000000000000000000e+00 0.000000000000000000e+00 1.000000000000000000e+00
