0.9993719458580017 -0.03105931915342808 -0.01705953851342201 -0.2059205025434494 
0.02970887161791325 0.9967857003211975 -0.07440212368965149 -0.1390632688999176 
0.01931559294462204 0.07384857535362244 0.9970823526382446 -0.9225174188613892 
0 0 0 1 

0.9313260912895203 -0.3635183572769165 -0.02204578742384911 -0.2077592015266418 
0.3262038230895996 0.8595811128616333 -0.3933334648609161 0.1186422258615494 
0.1619341671466827 0.3591302931308746 0.9191314578056335 -0.9214600324630737 
0 0 0 1 

0.9200214147567749 -0.3916616141796112 0.01271400507539511 -0.262991726398468 
0.3772514164447784 0.8764602541923523 -0.2991632521152496 0.02482654713094234 
0.1060275062918663 0.2800329625606537 0.9541172385215759 -0.9504213333129883 
0 0 0 1 

0.9131606817245483 -0.4053195714950562 0.0430527999997139 -0.3263722658157349 
0.4021179676055908 0.8785756230354309 -0.2576933205127716 -0.009146705269813538 
0.06662308424711227 0.2526277005672455 0.9652670621871948 -0.978146493434906 
0 0 0 1 

0.896317720413208 -0.4390952289104462 0.06172416731715202 -0.3615514636039734 
0.4422807395458221 0.8753874897956848 -0.1951521188020706 -0.07147442549467087 
0.03165784105658531 0.2022177129983902 0.9788287878036499 -0.9961679577827454 
0 0 0 1 

0.8873705267906189 -0.4534147977828979 0.0835966095328331 -0.3948318660259247 
0.4606831073760986 0.8792536854743958 -0.121177077293396 -0.144012987613678 
-0.01855910383164883 0.1460405290126801 0.9891045093536377 -0.9958178400993347 
0 0 0 1 

0.7701274156570435 -0.5552335381507874 0.314037024974823 -0.5897678732872009 
0.6148958802223206 0.7771614789962769 -0.1338761001825333 -0.1717259138822556 
-0.1697249114513397 0.2962018251419067 0.939924418926239 -0.9325715899467468 
0 0 0 1 

0.8269648551940918 -0.454634964466095 0.3308112323284149 -0.6651100516319275 
0.5289537310600281 0.8285519480705261 -0.1836014837026596 -0.09674258530139923 
-0.1906225830316544 0.3268158435821533 0.9256643056869507 -0.9224870800971985 
0 0 0 1 

0.9144771099090576 -0.379561722278595 0.1402300447225571 -0.5643790364265442 
0.4015123844146729 0.8941694498062134 -0.1981131881475449 -0.0173937976360321 
-0.05019325017929077 0.2374740689992905 0.970096230506897 -1.055697798728943 
0 0 0 1 

0.9275246262550354 -0.3427660167217255 0.1490283906459808 -0.5830880403518677 
0.370790034532547 0.8940234780311584 -0.2514691948890686 0.05236984044313431 
-0.04703977331519127 0.2885020971298218 0.9563230276107788 -1.044621229171753 
0 0 0 1 

