0.9993718862533569 -0.03105931542813778 -0.01705954037606716 -0.2059211134910583 
0.0297088734805584 0.9967857003211975 -0.07440212368965149 -0.139062911272049 
0.01931559108197689 0.07384856790304184 0.9970824122428894 -0.9225156903266907 
0 0 0 1 

0.9313260912895203 -0.3635183572769165 -0.02204579673707485 -0.2077593058347702 
0.3262038230895996 0.8595811128616333 -0.3933334946632385 0.1186421141028404 
0.1619341671466827 0.3591302931308746 0.9191314578056335 -0.921459972858429 
0 0 0 1 

0.9200213551521301 -0.3916618227958679 0.01271404046565294 -0.2629916369915009 
0.3772515952587128 0.8764601349830627 -0.2991634011268616 0.02482648380100727 
0.1060275882482529 0.2800331115722656 0.9541171193122864 -0.9504213929176331 
0 0 0 1 

0.9131606817245483 -0.4053195714950562 0.04305277764797211 -0.326372355222702 
0.4021179378032684 0.8785756230354309 -0.2576933205127716 -0.00914674811065197 
0.06662306189537048 0.2526277005672455 0.9652671217918396 -0.9781463742256165 
0 0 0 1 

0.8963176012039185 -0.4390954673290253 0.0617242343723774 -0.361551433801651 
0.4422809779644012 0.8753873109817505 -0.195152223110199 -0.07147443294525146 
0.03165789321064949 0.2022178173065186 0.9788287281990051 -0.9961679577827454 
0 0 0 1 

0.8873704671859741 -0.4534148871898651 0.08359663188457489 -0.3948318958282471 
0.4606831967830658 0.879253625869751 -0.121177077293396 -0.144012987613678 
-0.01855910196900368 0.1460405439138412 0.9891044497489929 -0.9958178400993347 
0 0 0 1 

0.7701272964477539 -0.5552336573600769 0.3140371441841125 -0.5897678136825562 
0.6148960590362549 0.7771613597869873 -0.1338761150836945 -0.1717258393764496 
-0.1697249561548233 0.2962019443511963 0.9399243593215942 -0.9325715303421021 
0 0 0 1 

0.826964795589447 -0.454634964466095 0.3308112621307373 -0.6651099920272827 
0.5289537310600281 0.8285518288612366 -0.1836014688014984 -0.09674253314733505 
-0.1906225383281708 0.3268159031867981 0.9256642460823059 -0.9224870204925537 
0 0 0 1 

0.9144770503044128 -0.3795618116855621 0.1402301341295242 -0.5643790364265442 
0.4015125930309296 0.8941692709922791 -0.1981132179498672 -0.01739395037293434 
-0.05019323900341988 0.2374741733074188 0.970096230506897 -1.055697798728943 
0 0 0 1 

0.9280514717102051 -0.3413587808609009 0.1489754021167755 -0.5837879180908203 
0.3694464266300201 0.8944193720817566 -0.2520372867584229 0.0531003326177597 
-0.04721130058169365 0.2889423072338104 0.9561814665794373 -1.045676827430725 
0 0 0 1 

