0.9993229508399963 -0.03096801973879337 -0.0198651310056448 -0.2035412639379501 
0.02939789183437824 0.9967517852783203 -0.07497843354940414 -0.138994112610817 
0.02212251164019108 0.07434368878602982 0.9969872832298279 -0.923662006855011 
0 0 0 1 

0.9957123398780823 -0.06730446964502335 -0.06345822662115097 -0.1562836915254593 
0.05679403617978096 0.9862922430038452 -0.1549254804849625 -0.0701688677072525 
0.07301558554172516 0.150657132267952 0.9858859181404114 -0.9279189705848694 
0 0 0 1 

0.9856058359146118 -0.1344480216503143 -0.1024928167462349 -0.1074976697564125 
0.09968908876180649 0.9518346786499023 -0.2899529337882996 0.04694917425513268 
0.1365398615598679 0.2755618691444397 0.9515368342399597 -0.9206138849258423 
0 0 0 1 

0.9683288931846619 -0.2166136056184769 -0.1241680905222893 -0.07212938368320465 
0.1481016427278519 0.8986940383911133 -0.4128133356571198 0.1519169360399246 
0.201010137796402 0.3813495337963104 0.9023122191429138 -0.8975220918655396 
0 0 0 1 

0.9535074830055237 -0.2817287743091583 -0.1070154681801796 -0.07421201467514038 
0.1902028918266296 0.8380087614059448 -0.5114333629608154 0.2369135320186615 
0.2337654232978821 0.4673008620738983 0.8526332974433899 -0.8649274110794067 
0 0 0 1 

0.9381545782089233 -0.34268918633461 -0.04929607734084129 -0.1633581221103668 
0.2787862122058868 0.8321670889854431 -0.4793497025966644 0.2020088881254196 
0.2052905559539795 0.4359610378742218 0.8762384057044983 -0.8880028128623962 
0 0 0 1 

0.9314500689506531 -0.3631384968757629 -0.02304583229124546 -0.2071087211370468 
0.3248634338378906 0.858461320400238 -0.3968724608421326 0.1216184943914413 
0.1639037430286407 0.3621801137924194 0.9175843596458435 -0.9218476414680481 
0 0 0 1 

0.921076774597168 -0.3891874551773071 0.01227270718663931 -0.2634918093681335 
0.3740856051445007 0.8757091760635376 -0.3052755892276764 0.03074736520648003 
0.1080621853470802 0.2857733070850372 0.9521849155426025 -0.950883686542511 
0 0 0 1 

0.9024232029914856 -0.4283953011035919 0.04593124240636826 -0.322163850069046 
0.4278003871440887 0.8782656788825989 -0.213625967502594 -0.06265833228826523 
0.05117658525705338 0.2124304473400116 0.9758351445198059 -0.9777591824531555 
0 0 0 1 

0.9059068560600281 -0.4137917459011078 0.09004983305931091 -0.3967859745025635 
0.4226632416248322 0.8966622948646545 -0.1317279487848282 -0.1296178698539734 
-0.02623628824949265 0.1573940366506577 0.9871872663497925 -0.9777591228485107 
0 0 0 1 

