1.000000000000000000e+00 0.000000000000000000e+00 0.000000000000000000e+00 -2.246657013893127441e-01
0.000000000000000000e+00 1.000000000000000000e+00 0.000000000000000000e+00 -1.996245533227920532e-01
0.000000000000000000e+00 0.000000000000000000e+00 1.000000000000000000e+00 -9.186304211616516113e-01
0.000000000000000000e+00 0.000000000000000000e+00 0.000000000000000000e+00 1.000000000000000000e+00
9.993229508399963379e-01 -3.096801973879337311e-02 -1.986513100564479828e-02 -2.035412639379501343e-01
2.939789183437824249e-02 9.967517852783203125e-01 -7.497843354940414429e-02 -1.389941126108169556e-01
2.212251164019107819e-02 7.434368878602981567e-02 9.969872832298278809e-01 -9.236620068550109863e-01
0.000000000000000000e+00 0.000000000000000000e+00 0.000000000000000000e+00 1.000000000000000000e+00
9.957123398780822754e-01 -6.730446964502334595e-02 -6.345822662115097046e-02 -1.562836915254592896e-01
5.679403617978096008e-02 9.862922430038452148e-01 -1.549254804849624634e-01 -7.016886770725250244e-02
7.301558554172515869e-02 1.506571322679519653e-01 9.858859181404113770e-01 -9.279189705848693848e-01
0.000000000000000000e+00 0.000000000000000000e+00 0.000000000000000000e+00 1.000000000000000000e+00
9.856058359146118164e-01 -1.344480216503143311e-01 -1.024928167462348938e-01 -1.074976697564125061e-01
9.968908876180648804e-02 9.518346786499023438e-01 -2.899529337882995605e-01 4.694917425513267517e-02
1.365398615598678589e-01 2.755618691444396973e-01 9.515368342399597168e-01 -9.206138849258422852e-01
0.000000000000000000e+00 0.000000000000000000e+00 0.000000000000000000e+00 1.000000000000000000e+00
9.683288931846618652e-01 -2.166136056184768677e-01 -1.241680905222892761e-01 -7.212938368320465088e-02
1.481016427278518677e-01 8.986940383911132812e-01 -4.128133356571197510e-01 1.519169360399246216e-01
2.010101377964019775e-01 3.813495337963104248e-01 9.023122191429138184e-01 -8.975220918655395508e-01
0.000000000000000000e+00 0.000000000000000000e+00 0.000000000000000000e+00 1.000000000000000000e+00
9.535074830055236816e-01 -2.817287743091583252e-01 -1.070154681801795959e-01 -7.421201467514038086e-02
1.902028918266296387e-01 8.380087614059448242e-01 -5.114333629608154297e-01 2.369135320186614990e-01
2.337654232978820801e-01 4.673008620738983154e-01 8.526332974433898926e-01 -8.649274110794067383e-01
0.000000000000000000e+00 0.000000000000000000e+00 0.000000000000000000e+00 1.000000000000000000e+00
9.381545782089233398e-01 -3.426891863346099854e-01 -4.929607734084129333e-02 -1.633581221103668213e-01
2.787862122058868408e-01 8.321670889854431152e-01 -4.793497025966644287e-01 2.020088881254196167e-01
2.052905559539794922e-01 4.359610378742218018e-01 8.762384057044982910e-01 -8.880028128623962402e-01
0.000000000000000000e+00 0.000000000000000000e+00 0.000000000000000000e+00 1.000000000000000000e+00
9.314500689506530762e-01 -3.631384968757629395e-01 -2.304583229124546051e-02 -2.071087211370468140e-01
3.248634338378906250e-01 8.584613204002380371e-01 -3.968724608421325684e-01 1.216184943914413452e-01
1.639037430286407471e-01 3.621801137924194336e-01 9.175843596458435059e-01 -9.218476414680480957e-01
0.000000000000000000e+00 0.000000000000000000e+00 0.000000000000000000e+00 1.000000000000000000e+00
9.210767745971679688e-01 -3.891874551773071289e-01 1.227270718663930893e-02 -2.634918093681335449e-01
3.740856051445007324e-01 8.757091760635375977e-01 -3.052755892276763916e-01 3.074736520648002625e-02
1.080621853470802307e-01 2.857733070850372314e-01 9.521849155426025391e-01 -9.508836865425109863e-01
0.000000000000000000e+00 0.000000000000000000e+00 0.000000000000000000e+00 1.000000000000000000e+00
9.024232029914855957e-01 -4.283953011035919189e-01 4.593124240636825562e-02 -3.221638500690460205e-01
4.278003871440887451e-01 8.782656788825988770e-01 -2.136259675025939941e-01 -6.265833228826522827e-02
5.117658525705337524e-02 2.124304473400115967e-01 9.758351445198059082e-01 -9.777591824531555176e-01
0.000000000000000000e+00 0.000000000000000000e+00 0.000000000000000000e+00 1.000000000000000000e+00
9.059068560600280762e-01 -4.137917459011077881e-01 9.004983305931091309e-02 -3.967859745025634766e-01
4.226632416248321533e-01 8.966622948646545410e-01 -1.317279487848281860e-01 -1.296178698539733887e-01
-2.623628824949264526e-02 1.573940366506576538e-01 9.871872663497924805e-01 -9.777591228485107422e-01
0.000000000000000000e+00 0.000000000000000000e+00 0.000000000000000000e+00 1.000000000000000000e+00
