1.000000000000000000e+00 0.000000000000000000e+00 0.000000000000000000e+00 -2.246657013893127441e-01
0.000000000000000000e+00 1.000000000000000000e+00 0.000000000000000000e+00 -1.996245533227920532e-01
0.000000000000000000e+00 0.000000000000000000e+00 1.000000000000000000e+00 -9.186304211616516113e-01
0.000000000000000000e+00 0.000000000000000000e+00 0.000000000000000000e+00 1.000000000000000000e+00
9.994416832923889160e-01 -2.811782807111740112e-02 -1.804735511541366577e-02 -2.058786749839782715e-01
2.667707949876785278e-02 9.967784285545349121e-01 -7.563852518796920776e-02 -1.378955692052841187e-01
2.011597901582717896e-02 7.511485368013381958e-02 9.969719648361206055e-01 -9.234400391578674316e-01
0.000000000000000000e+00 0.000000000000000000e+00 0.000000000000000000e+00 1.000000000000000000e+00
9.961956143379211426e-01 -6.059807911515235901e-02 -6.262680888175964355e-02 -1.585941016674041748e-01
5.001292750239372253e-02 9.860776662826538086e-01 -1.585853993892669678e-01 -6.562135368585586548e-02
7.136491686105728149e-02 1.548499017953872681e-01 9.853569865226745605e-01 -9.280182719230651855e-01
0.000000000000000000e+00 0.000000000000000000e+00 0.000000000000000000e+00 1.000000000000000000e+00
9.863153696060180664e-01 -1.308943480253219604e-01 -1.002422869205474854e-01 -1.104461327195167542e-01
9.659920632839202881e-02 9.515241980552673340e-01 -2.920105755329132080e-01 4.932972788810729980e-02
1.336055397987365723e-01 2.783311903476715088e-01 9.511472582817077637e-01 -9.202216267585754395e-01
0.000000000000000000e+00 0.000000000000000000e+00 0.000000000000000000e+00 1.000000000000000000e+00
9.693831205368041992e-01 -2.114177346229553223e-01 -1.248959004878997803e-01 -7.288643717765808105e-02
1.425345391035079956e-01 8.986392617225646973e-01 -4.148870408535003662e-01 1.547930091619491577e-01
1.999508589506149292e-01 3.843824565410614014e-01 9.012600183486938477e-01 -8.970659375190734863e-01
0.000000000000000000e+00 0.000000000000000000e+00 0.000000000000000000e+00 1.000000000000000000e+00
9.555203318595886230e-01 -2.746294736862182617e-01 -1.075151786208152771e-01 -7.573360204696655273e-02
1.833116710186004639e-01 8.386149406433105469e-01 -5.129539370536804199e-01 2.396397441625595093e-01
2.310361266136169434e-01 4.704290926456451416e-01 8.516564369201660156e-01 -8.640984296798706055e-01
0.000000000000000000e+00 0.000000000000000000e+00 0.000000000000000000e+00 1.000000000000000000e+00
9.405001997947692871e-01 -3.359793722629547119e-01 -5.076657608151435852e-02 -1.640061736106872559e-01
2.716354727745056152e-01 8.331698775291442871e-01 -4.817074537277221680e-01 2.057475000619888306e-01
2.041409611701965332e-01 4.392559230327606201e-01 8.748604059219360352e-01 -8.870601058006286621e-01
0.000000000000000000e+00 0.000000000000000000e+00 0.000000000000000000e+00 1.000000000000000000e+00
9.340510368347167969e-01 -3.564647138118743896e-01 -2.194228954613208771e-02 -2.100322991609573364e-01
3.187437951564788818e-01 8.597705364227294922e-01 -3.989948332309722900e-01 1.250643432140350342e-01
1.610930413007736206e-01 3.656875491142272949e-01 9.166905879974365234e-01 -9.207431674003601074e-01
0.000000000000000000e+00 0.000000000000000000e+00 0.000000000000000000e+00 1.000000000000000000e+00
9.233559966087341309e-01 -3.836941123008728027e-01 1.387182343751192093e-02 -2.665765583515167236e-01
3.689314126968383789e-01 8.766663670539855957e-01 -3.087806105613708496e-01 3.546768426895141602e-02
1.063164174556732178e-01 2.902322113513946533e-01 9.510320425033569336e-01 -9.499298930168151855e-01
0.000000000000000000e+00 0.000000000000000000e+00 0.000000000000000000e+00 1.000000000000000000e+00
9.073951840400695801e-01 -4.176042079925537109e-01 4.733430966734886169e-02 -3.269982039928436279e-01
4.172589778900146484e-01 8.816686868667602539e-01 -2.203521281480789185e-01 -5.277109518647193909e-02
5.028684809803962708e-02 2.196971476078033447e-01 9.742711782455444336e-01 -9.770914316177368164e-01
0.000000000000000000e+00 0.000000000000000000e+00 0.000000000000000000e+00 1.000000000000000000e+00
9.014593958854675293e-01 -4.269204437732696533e-01 7.148209959268569946e-02 -3.750267922878265381e-01
4.328579604625701904e-01 8.899006247520446777e-01 -1.439114809036254883e-01 -1.218577027320861816e-01
-2.173147862777113914e-03 1.606719940900802612e-01 9.870054125785827637e-01 -9.861001968383789062e-01
0.000000000000000000e+00 0.000000000000000000e+00 0.000000000000000000e+00 1.000000000000000000e+00
