1.000000000000000000e+00 0.000000000000000000e+00 0.000000000000000000e+00 -1.724681335448287500e+00
0.000000000000000000e+00 -1.000000000000000000e+00 0.000000000000000000e+00 -1.637983189942774365e+00
0.000000000000000000e+00 0.000000000000000000e+00 -1.000000000000000000e+00 -7.092073492565295290e+00
0.000000000000000000e+00 0.000000000000000000e+00 0.000000000000000000e+00 1.000000000000000000e+00
9.996898174285888672e-01 2.263797074556350708e-02 1.038176193833351135e-02 -1.639763855935213455e+00
2.155886217951774597e-02 -9.953056573867797852e-01 9.434946626424789429e-02 -9.961466618638263881e-01
1.246892474591732025e-02 -9.409638494253158569e-02 -9.954849481582641602e-01 -7.124675543222101837e+00
0.000000000000000000e+00 0.000000000000000000e+00 0.000000000000000000e+00 1.000000000000000000e+00
9.940843582153320312e-01 7.991930097341537476e-02 7.354722917079925537e-02 -1.103062529921387203e+00
6.605356186628341675e-02 -9.824005961418151855e-01 1.747168749570846558e-01 -4.821964135778348814e-01
8.621610701084136963e-02 -1.688252538442611694e-01 -9.818680286407470703e-01 -7.172416082207772270e+00
0.000000000000000000e+00 0.000000000000000000e+00 0.000000000000000000e+00 1.000000000000000000e+00
9.840623140335083008e-01 1.426259428262710571e-01 1.062033101916313171e-01 -7.787212562301978336e-01
1.053049713373184204e-01 -9.486571550369262695e-01 2.982623577117919922e-01 3.492466762399169533e-01
1.432904899120330811e-01 -2.823250293731689453e-01 -9.485570192337036133e-01 -7.092307424699221485e+00
0.000000000000000000e+00 0.000000000000000000e+00 0.000000000000000000e+00 1.000000000000000000e+00
9.660792946815490723e-01 2.231713086366653442e-01 1.299435049295425415e-01 -4.945496687895816201e-01
1.533292979001998901e-01 -9.005784988403320312e-01 4.067534208297729492e-01 1.055747515276297621e+00
2.078000754117965698e-01 -3.730319142341613770e-01 -9.042489528656005859e-01 -6.923111068227278508e+00
0.000000000000000000e+00 0.000000000000000000e+00 0.000000000000000000e+00 1.000000000000000000e+00
9.507052302360534668e-01 2.872871458530426025e-01 1.167284846305847168e-01 -4.875749638329106017e-01
1.873410195112228394e-01 -8.320788741111755371e-01 5.220611691474914551e-01 1.840316367585181467e+00
2.471088618040084839e-01 -4.744582176208496094e-01 -8.448824882507324219e-01 -6.647277047239680492e+00
0.000000000000000000e+00 0.000000000000000000e+00 0.000000000000000000e+00 1.000000000000000000e+00
