1.000000000000000000e+00 0.000000000000000000e+00 0.000000000000000000e+00 -1.724681335448287500e+00
0.000000000000000000e+00 -1.000000000000000000e+00 0.000000000000000000e+00 -1.637983189942774365e+00
0.000000000000000000e+00 0.000000000000000000e+00 -1.000000000000000000e+00 -7.092073492565295290e+00
0.000000000000000000e+00 0.000000000000000000e+00 0.000000000000000000e+00 1.000000000000000000e+00
9.993829727172851562e-01 3.009660728275775909e-02 1.810548454523086548e-02 -1.574133253599431459e+00
2.874610386788845062e-02 -9.970819354057312012e-01 7.071962952613830566e-02 -1.197086839093578048e+00
2.018107846379280090e-02 -7.015553116798400879e-02 -9.973319172859191895e-01 -7.119964269538651358e+00
0.000000000000000000e+00 0.000000000000000000e+00 0.000000000000000000e+00 1.000000000000000000e+00
9.960743784904479980e-01 6.273908913135528564e-02 6.244726106524467468e-02 -1.211012902997997021e+00
5.251873657107353210e-02 -9.867311716079711914e-01 1.536332815885543823e-01 -6.390443762647068926e-01
7.125753909349441528e-02 -1.497505009174346924e-01 -9.861525893211364746e-01 -7.157199463303727249e+00
0.000000000000000000e+00 0.000000000000000000e+00 0.000000000000000000e+00 1.000000000000000000e+00
9.863708615303039551e-01 1.298957318067550659e-01 1.009928509593009949e-01 -8.387038797146350033e-01
9.665141999721527100e-02 -9.541605710983276367e-01 2.832596898078918457e-01 2.239041498831211285e-01
1.331576555967330933e-01 -2.696380019187927246e-01 -9.537107944488525391e-01 -7.104040339133404380e+00
0.000000000000000000e+00 0.000000000000000000e+00 0.000000000000000000e+00 1.000000000000000000e+00
9.687280654907226562e-01 2.144049257040023804e-01 1.248851120471954346e-01 -5.476087743338822200e-01
1.473700106143951416e-01 -9.020960927009582520e-01 4.055917561054229736e-01 1.024447947266929893e+00
1.996192634105682373e-01 -3.745038509368896484e-01 -9.054827094078063965e-01 -6.934528243219403976e+00
0.000000000000000000e+00 0.000000000000000000e+00 0.000000000000000000e+00 1.000000000000000000e+00
9.537087082862854004e-01 2.805017232894897461e-01 1.084361821413040161e-01 -5.564112177092316314e-01
1.891919970512390137e-01 -8.399044275283813477e-01 5.086912512779235840e-01 1.711453771571692872e+00
2.337648421525955200e-01 -4.646280109882354736e-01 -8.540928959846496582e-01 -6.680331795640922721e+00
0.000000000000000000e+00 0.000000000000000000e+00 0.000000000000000000e+00 1.000000000000000000e+00
9.383227229118347168e-01 3.418044447898864746e-01 5.215484648942947388e-02 -1.234475399827126951e+00
2.778408825397491455e-01 -8.351586461067199707e-01 4.746728539466857910e-01 1.429446860655225748e+00
2.058029025793075562e-01 -4.309055805206298828e-01 -8.786156177520751953e-01 -6.862503342692435560e+00
0.000000000000000000e+00 0.000000000000000000e+00 0.000000000000000000e+00 1.000000000000000000e+00
9.312629103660583496e-01 3.634588420391082764e-01 2.543654106557369232e-02 -1.571583324400894321e+00
3.254781663417816162e-01 -8.612595200538635254e-01 3.902510404586791992e-01 7.924648839468628747e-01
1.637477278709411621e-01 -3.551472425460815430e-01 -9.203569889068603516e-01 -7.122554068310112285e+00
0.000000000000000000e+00 0.000000000000000000e+00 0.000000000000000000e+00 1.000000000000000000e+00
9.199074506759643555e-01 3.919905126094818115e-01 -1.065955497324466705e-02 -2.005474809593441599e+00
3.770729601383209229e-01 -8.767840266227722168e-01 2.984386980533599854e-01 8.572376466732244127e-02
1.076390743255615234e-01 -2.785554230213165283e-01 -9.543692469596862793e-01 -7.341513626481691368e+00
0.000000000000000000e+00 0.000000000000000000e+00 0.000000000000000000e+00 1.000000000000000000e+00
9.139270782470703125e-01 4.037677347660064697e-01 -4.133855924010276794e-02 -2.499219600678709963e+00
4.001967608928680420e-01 -8.794656395912170410e-01 2.576482594013214111e-01 -1.648784251136385659e-01
6.767424941062927246e-02 -2.520152628421783447e-01 -9.653540849685668945e-01 -7.554214465989605998e+00
0.000000000000000000e+00 0.000000000000000000e+00 0.000000000000000000e+00 1.000000000000000000e+00
8.996480703353881836e-01 4.322756528854370117e-01 -6.140846386551856995e-02 -2.792708144311827123e+00
4.356319308280944824e-01 -8.792625069618225098e-01 1.926709711551666260e-01 -6.518949026177005557e-01
2.929285541176795959e-02 -2.000875473022460938e-01 -9.793400168418884277e-01 -7.684847868510004787e+00
0.000000000000000000e+00 0.000000000000000000e+00 0.000000000000000000e+00 1.000000000000000000e+00
8.941878676414489746e-01 4.390313625335693359e-01 -8.763196319341659546e-02 -3.100577079898736876e+00
4.469045400619506836e-01 -8.869510293006896973e-01 1.165934056043624878e-01 -1.210364440958263010e+00
-2.653705328702926636e-02 -1.434195488691329956e-01 -9.893060922622680664e-01 -7.661161895256274335e+00
0.000000000000000000e+00 0.000000000000000000e+00 0.000000000000000000e+00 1.000000000000000000e+00
8.260092735290527344e-01 4.949817657470703125e-01 -2.696322202682495117e-01 -4.412688401545783456e+00
5.406020879745483398e-01 -8.311126828193664551e-01 1.303875595331192017e-01 -1.281037682534589051e+00
-1.595552265644073486e-01 -2.534651458263397217e-01 -9.540951251983642578e-01 -7.303312830725694482e+00
0.000000000000000000e+00 0.000000000000000000e+00 0.000000000000000000e+00 1.000000000000000000e+00
8.334243893623352051e-01 4.455871880054473877e-01 -3.268878161907196045e-01 -5.117763529931957045e+00
5.115694403648376465e-01 -8.458077311515808105e-01 1.513464599847793579e-01 -1.043301393882491546e+00
-2.090461105108261108e-01 -2.933617532253265381e-01 -9.328657388687133789e-01 -7.112458219221793776e+00
0.000000000000000000e+00 0.000000000000000000e+00 0.000000000000000000e+00 1.000000000000000000e+00
9.096574783325195312e-01 3.923652172088623047e-01 -1.362818330526351929e-01 -4.317917852216976549e+00
4.139146208763122559e-01 -8.836514353752136230e-01 2.187114506959915161e-01 -1.299920892139118378e-01
-3.461082652211189270e-02 -2.553615570068359375e-01 -9.662259221076965332e-01 -8.136918729976645892e+00
0.000000000000000000e+00 0.000000000000000000e+00 0.000000000000000000e+00 1.000000000000000000e+00
