1 0 0 -0.2246657013893127 
0 1 0 -0.1996245533227921 
0 0 1 -0.9186304211616516 
0 0 0 1 

0.9186776876449585 -0.3948141634464264 0.01236775889992714 -0.2619384229183197 
0.380502849817276 0.8761025667190552 -0.296077162027359 0.02135055884718895 
0.106060117483139 0.276705414056778 0.9550839066505432 -0.950701117515564 
0 0 0 1 

0.9139009118080139 -0.4034528136253357 0.04484343528747559 -0.3286781907081604 
0.4009054899215698 0.8797089457511902 -0.2557085752487183 -0.01044714637100697 
0.06371721625328064 0.2516703009605408 0.9657132625579834 -0.9774945378303528 
0 0 0 1 

0.8973639607429504 -0.436322420835495 0.06603459268808365 -0.3665338158607483 
0.4405793845653534 0.8773341178894043 -0.1901960074901581 -0.07537488639354706 
0.02505245059728622 0.1997685134410858 0.9795227646827698 -0.9938252568244934 
0 0 0 1 

0.8900609612464905 -0.4467160403728485 0.090753473341465 -0.4041162133216858 
0.4550122320652008 0.8826594352722168 -0.117796927690506 -0.1453975737094879 
-0.02748260647058487 0.1461403965950012 0.9888820648193359 -0.9922584891319275 
0 0 0 1 

0.7300165295600891 -0.5882278084754944 0.3479419648647308 -0.6051114797592163 
0.661314070224762 0.736458420753479 -0.1424513310194016 -0.1765416413545609 
-0.172450840473175 0.3340908586978912 0.926630437374115 -0.9224867224693298 
0 0 0 1 

0.8115746378898621 -0.4660500586032867 0.3523404598236084 -0.6797207593917847 
0.5545003414154053 0.8044048547744751 -0.2132183164358139 -0.07570523023605347 
-0.1840538829565048 0.3684155642986298 0.9112595915794373 -0.9138932824134827 
0 0 0 1 

0.9070186018943787 -0.3835858106613159 0.1737214773893356 -0.5944536328315735 
0.410944938659668 0.8963418006896973 -0.1664199978113174 -0.05244558304548264 
-0.09187746047973633 0.222336009144783 0.9706313610076904 -1.04107654094696 
0 0 0 1 

0.9464908838272095 -0.3046859502792358 0.1064019277691841 -0.5581263303756714 
0.3216773271560669 0.9172673225402832 -0.234827995300293 0.06328554451465607 
-0.0260501354932785 0.2564896643161774 0.966195821762085 -1.07073962688446 
0 0 0 1 

0.8763110637664795 -0.3933753371238708 0.2780909240245819 -0.7043815851211548 
0.4071186184883118 0.9133303165435791 0.009058368392288685 -0.2066624164581299 
-0.2575522065162659 0.1052781268954277 0.9605119824409485 -0.9734801054000854 
0 0 0 1 

