1 0 0 -0.2246657013893127 
0 1 0 -0.1996245533227921 
0 0 1 -0.9186304211616516 
0 0 0 1 

0.9186776280403137 -0.3948143124580383 0.01236777286976576 -0.2619383335113525 
0.3805029988288879 0.8761025071144104 -0.2960772514343262 0.02135050483047962 
0.1060601621866226 0.2767055034637451 0.9550838470458984 -0.950701117515564 
0 0 0 1 

0.9139009118080139 -0.4034527838230133 0.04484345391392708 -0.32867830991745 
0.4009054601192474 0.8797088861465454 -0.2557085752487183 -0.01044716313481331 
0.06371723115444183 0.2516702711582184 0.9657132625579834 -0.9774945378303528 
0 0 0 1 

0.8973637819290161 -0.4363225698471069 0.06603463739156723 -0.3665338754653931 
0.4405795335769653 0.8773339986801147 -0.1901960670948029 -0.07537490874528885 
0.02505248412489891 0.1997685879468918 0.9795228242874146 -0.9938253164291382 
0 0 0 1 

0.8900609016418457 -0.4467160999774933 0.09075348824262619 -0.4041161835193634 
0.4550122916698456 0.882659375667572 -0.1177969425916672 -0.1453975588083267 
-0.02748260460793972 0.1461404263973236 0.9888820648193359 -0.9922583699226379 
0 0 0 1 

0.7300165891647339 -0.5882276892662048 0.3479418456554413 -0.6051114797592163 
0.6613139510154724 0.7364585399627686 -0.1424513459205627 -0.1765415370464325 
-0.1724508553743362 0.3340907394886017 0.9266304969787598 -0.9224867224693298 
0 0 0 1 

0.8115745782852173 -0.4660501778125763 0.3523406088352203 -0.6797206997871399 
0.5545005202293396 0.8044047355651855 -0.2132183760404587 -0.07570518553256989 
-0.1840539276599884 0.3684156835079193 0.9112595915794373 -0.9138933420181274 
0 0 0 1 

0.9070185422897339 -0.3835859596729279 0.1737215667963028 -0.5944535136222839 
0.4109451174736023 0.8963416814804077 -0.166420042514801 -0.0524456799030304 
-0.09187748283147812 0.2223361134529114 0.9706313610076904 -1.04107666015625 
0 0 0 1 

0.9464908242225647 -0.3046861290931702 0.1064020022749901 -0.5581263303756714 
0.3216774463653564 0.9172672033309937 -0.2348280996084213 0.06328553706407547 
-0.02605011686682701 0.2564897537231445 0.9661957621574402 -1.07073986530304 
0 0 0 1 

0.8781868815422058 -0.3912501335144043 0.275155246257782 -0.7018375992774963 
0.4056607484817505 0.9140101075172424 0.004944950342178345 -0.2008797526359558 
-0.2534294128417969 0.1072770208120346 0.9613869190216064 -0.9768730401992798 
0 0 0 1 

