0.9993229508399963 -0.03096801601350307 -0.0198651310056448 -0.2035431265830994 
0.02939788810908794 0.9967517852783203 -0.07497842609882355 -0.1389914304018021 
0.02212251164019108 0.07434368133544922 0.9969872832298279 -0.92365562915802 
0 0 0 1 

0.9957123398780823 -0.06730461120605469 -0.06345834583044052 -0.1562844812870026 
0.05679414048790932 0.9862921833992004 -0.1549257785081863 -0.07016945630311966 
0.07301574200391769 0.1506574302911758 0.9858858585357666 -0.9279176592826843 
0 0 0 1 

0.9856058359146118 -0.1344481706619263 -0.1024928987026215 -0.1074979156255722 
0.09968917816877365 0.9518345594406128 -0.2899532318115234 0.04694882035255432 
0.1365400105714798 0.2755621671676636 0.9515367746353149 -0.920613706111908 
0 0 0 1 

0.9683288335800171 -0.2166138142347336 -0.1241681426763535 -0.07212944328784943 
0.148101732134819 0.898693859577179 -0.4128136336803436 0.1519167274236679 
0.2010103315114975 0.3813498318195343 0.9023120999336243 -0.8975222110748291 
0 0 0 1 

0.9535074830055237 -0.2817289233207703 -0.1070154681801796 -0.07421184331178665 
0.1902029663324356 0.8380086421966553 -0.511433482170105 0.2369135767221451 
0.2337655425071716 0.4673009812831879 0.8526331782341003 -0.8649276494979858 
0 0 0 1 

0.9381545186042786 -0.3426893651485443 -0.04929603263735771 -0.1633580774068832 
0.2787863314151764 0.832166850566864 -0.4793499410152435 0.2020087838172913 
0.2052907198667526 0.4359612166881561 0.876238226890564 -0.8880029320716858 
0 0 0 1 

0.9314500689506531 -0.3631384968757629 -0.02304583229124546 -0.2071085870265961 
0.3248634338378906 0.858461320400238 -0.3968724608421326 0.1216183081269264 
0.1639037430286407 0.3621801137924194 0.9175843596458435 -0.9218478202819824 
0 0 0 1 

0.9210766553878784 -0.3891877233982086 0.01227276958525181 -0.2634916305541992 
0.3740858733654022 0.8757089972496033 -0.3052757978439331 0.03074723295867443 
0.1080623045563698 0.2857734560966492 0.9521848559379578 -0.9508838057518005 
0 0 0 1 

0.9024232029914856 -0.4283953011035919 0.04593123868107796 -0.3221639096736908 
0.4278003871440887 0.8782656788825989 -0.213625967502594 -0.06265833228826523 
0.05117658153176308 0.2124304473400116 0.9758351445198059 -0.9777591228485107 
0 0 0 1 

0.9089598655700684 -0.4100966453552246 0.07491752505302429 -0.364418238401413 
0.4165952205657959 0.8868606090545654 -0.1998165845870972 -0.06740675121545792 
0.01550272665917873 0.2128355503082275 0.9769650101661682 -0.9736260771751404 
0 0 0 1 

