0.9993229508399963 -0.03096801228821278 -0.01986510492861271 -0.2035440504550934 
0.02939786948263645 0.9967517256736755 -0.07497840374708176 -0.1389900743961334 
0.02212252095341682 0.07434365898370743 0.9969872832298279 -0.9236523509025574 
0 0 0 1 

0.9957122802734375 -0.06730466336011887 -0.0634584054350853 -0.1562849283218384 
0.05679419636726379 0.9862922430038452 -0.1549259126186371 -0.07016962766647339 
0.07301580160856247 0.1506575793027878 0.9858858585357666 -0.9279167652130127 
0 0 0 1 

0.9856058955192566 -0.1344482451677322 -0.1024929285049438 -0.1074979454278946 
0.09968920797109604 0.9518346190452576 -0.289953351020813 0.04694866761565208 
0.1365400701761246 0.2755622863769531 0.9515367150306702 -0.9206138849258423 
0 0 0 1 

0.9683287739753723 -0.2166139483451843 -0.1241681724786758 -0.07212942838668823 
0.148101732134819 0.8986937403678894 -0.4128138422966003 0.1519166678190231 
0.201010450720787 0.3813499212265015 0.9023119211196899 -0.8975223302841187 
0 0 0 1 

0.9535074234008789 -0.2817290127277374 -0.107015497982502 -0.07421188801527023 
0.1902030259370804 0.8380085825920105 -0.5114336609840393 0.2369134724140167 
0.2337656319141388 0.4673011004924774 0.8526331186294556 -0.8649276494979858 
0 0 0 1 

0.9381545186042786 -0.3426894247531891 -0.04929602891206741 -0.1633580327033997 
0.2787863910198212 0.8321667909622192 -0.4793500304222107 0.2020087540149689 
0.2052907645702362 0.4359612762928009 0.876238226890564 -0.8880030512809753 
0 0 0 1 

0.9314500093460083 -0.3631385266780853 -0.02304582484066486 -0.2071085572242737 
0.3248634934425354 0.8584612607955933 -0.3968725204467773 0.1216182261705399 
0.1639037579298019 0.3621801435947418 0.9175843596458435 -0.921847939491272 
0 0 0 1 

0.9210765957832336 -0.3891879022121429 0.01227280870079994 -0.2634915113449097 
0.3740860521793365 0.8757088780403137 -0.3052759766578674 0.03074717335402966 
0.1080623865127563 0.2857735753059387 0.952184796333313 -0.9508838653564453 
0 0 0 1 

0.9024232029914856 -0.4283953905105591 0.04593128710985184 -0.3221639394760132 
0.4278004467487335 0.8782656192779541 -0.2136260122060776 -0.06265833973884583 
0.05117662996053696 0.2124305069446564 0.9758351445198059 -0.977759063243866 
0 0 0 1 

0.9048216342926025 -0.420468807220459 0.06710857897996902 -0.3535106778144836 
0.4249038696289062 0.8814867734909058 -0.2060035467147827 -0.06619303673505783 
0.02746286988258362 0.2149112671613693 0.9762471914291382 -0.9775164127349854 
0 0 0 1 

