1 0 0 -0.2246657013893127 
0 1 0 -0.1996245533227921 
0 0 1 -0.9186304211616516 
0 0 0 1 

0.9996898770332336 -0.02263796329498291 -0.01038180757313967 -0.2136526703834534 
0.02155889570713043 0.9953057169914246 -0.09434952586889267 -0.1163849085569382 
0.01246889308094978 0.09409644454717636 0.9954850077629089 -0.9228590130805969 
0 0 0 1 

0.994084358215332 -0.07991927862167358 -0.07354722917079926 -0.1440477967262268 
0.06605356186628342 0.9824005961418152 -0.1747168749570847 -0.04973012953996658 
0.08621609210968018 0.1688252538442612 0.9818680286407471 -0.9290498495101929 
0 0 0 1 

0.9840623140335083 -0.1426259428262711 -0.1062033101916313 -0.1019839942455292 
0.1053049862384796 0.948657214641571 -0.298262357711792 0.05810011923313141 
0.1432904899120331 0.2823250591754913 0.9485570192337036 -0.9186601638793945 
0 0 0 1 

0.9660792946815491 -0.2231713980436325 -0.1299435496330261 -0.06512945145368576 
0.1533293575048447 0.900578498840332 -0.4067535996437073 0.1497265100479126 
0.2078001648187637 0.3730320334434509 0.9042488932609558 -0.8967176079750061 
0 0 0 1 

0.9515032768249512 -0.2850172519683838 -0.1157866418361664 -0.06558533757925034 
0.1876555234193802 0.8359687328338623 -0.515695333480835 0.2455032914876938 
0.2437760829925537 0.4689575731754303 0.8489118814468384 -0.8622443675994873 
0 0 0 1 

