1 0 0 -0.2246657013893127 
0 1 0 -0.1996245533227921 
0 0 1 -0.9186304211616516 
0 0 0 1 

0.9996898174285889 -0.02263797074556351 -0.01038176193833351 -0.213652715086937 
0.02155886217951775 0.9953056573867798 -0.09434946626424789 -0.1163844838738441 
0.01246892474591732 0.09409638494253159 0.9954849481582642 -0.9228585958480835 
0 0 0 1 

0.994084358215332 -0.07991930097341537 -0.07354722917079926 -0.1440476775169373 
0.06605356186628342 0.9824005961418152 -0.1747168749570847 -0.04973004385828972 
0.08621610701084137 0.1688252538442612 0.9818680286407471 -0.929050087928772 
0 0 0 1 

0.9840623140335083 -0.1426259428262711 -0.1062033101916313 -0.1019837111234665 
0.1053049713373184 0.9486571550369263 -0.298262357711792 0.05810018628835678 
0.1432904899120331 0.2823250293731689 0.9485570192337036 -0.9186607599258423 
0 0 0 1 

0.9660792946815491 -0.2231713086366653 -0.1299435049295425 -0.06512936949729919 
0.1533292979001999 0.900578498840332 -0.4067534208297729 0.1497265994548798 
0.2078000754117966 0.3730319142341614 0.9042489528656006 -0.8967176079750061 
0 0 0 1 

0.9507052302360535 -0.2872871458530426 -0.1167284846305847 -0.06422481685876846 
0.1873410195112228 0.8320788741111755 -0.5220611691474915 0.2514776885509491 
0.2471088618040085 0.4744582176208496 0.8448824882507324 -0.8609445691108704 
0 0 0 1 

