1.000000000000000000e+00 0.000000000000000000e+00 0.000000000000000000e+00 -2.246657013893127441e-01
0.000000000000000000e+00 1.000000000000000000e+00 0.000000000000000000e+00 -1.996245533227920532e-01
0.000000000000000000e+00 0.000000000000000000e+00 1.000000000000000000e+00 -9.186304211616516113e-01
0.000000000000000000e+00 0.000000000000000000e+00 0.000000000000000000e+00 1.000000000000000000e+00
9.996211528778076172e-01 -2.467303723096847534e-02 -1.219869032502174377e-02 -2.115509212017059326e-01
2.350746281445026398e-02 9.958527684211730957e-01 -8.789021521806716919e-02 -1.230731308460235596e-01
1.431663334369659424e-02 8.757015317678451538e-02 9.960553646087646484e-01 -9.224340915679931641e-01
0.000000000000000000e+00 0.000000000000000000e+00 0.000000000000000000e+00 1.000000000000000000e+00
9.941796660423278809e-01 -8.040990680456161499e-02 -7.170075178146362305e-02 -1.455722302198410034e-01
6.775131821632385254e-02 9.840957522392272949e-01 -1.642109155654907227e-01 -6.052757799625396729e-02
8.376459777355194092e-02 1.583973318338394165e-01 9.838159084320068359e-01 -9.283442497253417969e-01
0.000000000000000000e+00 0.000000000000000000e+00 0.000000000000000000e+00 1.000000000000000000e+00
9.830808043479919434e-01 -1.493569314479827881e-01 -1.060409322381019592e-01 -1.004583835601806641e-01
1.126972585916519165e-01 9.495567679405212402e-01 -2.926451563835144043e-01 5.058953911066055298e-02
1.444004625082015991e-01 2.757433056831359863e-01 9.503231644630432129e-01 -9.194849133491516113e-01
0.000000000000000000e+00 0.000000000000000000e+00 0.000000000000000000e+00 1.000000000000000000e+00
9.642018079757690430e-01 -2.308618575334548950e-01 -1.304515153169631958e-01 -6.266507506370544434e-02
1.596876382827758789e-01 8.982741236686706543e-01 -4.093939065933227539e-01 1.500131785869598389e-01
2.116947025060653687e-01 3.739068508148193359e-01 9.029833078384399414e-01 -8.971638083457946777e-01
0.000000000000000000e+00 0.000000000000000000e+00 0.000000000000000000e+00 1.000000000000000000e+00
9.477536678314208984e-01 -2.982780933380126953e-01 -1.131063103675842285e-01 -6.424571573734283447e-02
1.998922079801559448e-01 8.316149115562438965e-01 -5.181307792663574219e-01 2.448523789644241333e-01
2.486080527305603027e-01 4.684512615203857422e-01 8.477896451950073242e-01 -8.625302910804748535e-01
0.000000000000000000e+00 0.000000000000000000e+00 0.000000000000000000e+00 1.000000000000000000e+00
