1 0 0 -0.2246657013893127 
0 1 0 -0.1996245533227921 
0 0 1 -0.9186304211616516 
0 0 0 1 

0.9993829727172852 -0.03009660914540291 -0.01810548454523087 -0.2051420509815216 
0.0287461057305336 0.9970819354057312 -0.07071962952613831 -0.1424436718225479 
0.02018108032643795 0.07015553116798401 0.9973319172859192 -0.9222446084022522 
0 0 0 1 

0.9960743188858032 -0.06273907423019409 -0.06244724616408348 -0.1580473482608795 
0.05251872539520264 0.9867311716079712 -0.1536332368850708 -0.07007142156362534 
0.07125751674175262 0.1497504413127899 0.9861525893211365 -0.9270775318145752 
0 0 0 1 

0.9199073910713196 -0.3919906318187714 0.01065959502011538 -0.2610819339752197 
0.3770730793476105 0.8767839074134827 -0.2984387874603271 0.0239237230271101 
0.1076391413807869 0.2785554528236389 0.9543691873550415 -0.9509804248809814 
0 0 0 1 

0.9139270782470703 -0.4037677347660065 0.04133856296539307 -0.325115978717804 
0.400196760892868 0.879465639591217 -0.2576482594013214 -0.008576982654631138 
0.06767425686120987 0.2520152628421783 0.9653540849685669 -0.9785656332969666 
0 0 0 1 

0.8996480703353882 -0.432275652885437 0.06140846386551857 -0.3631785809993744 
0.4356319308280945 0.8792625069618225 -0.1926709711551666 -0.07173832505941391 
0.02929285727441311 0.2000875473022461 0.9793400168418884 -0.9955075979232788 
0 0 0 1 

0.8941878080368042 -0.439031571149826 0.08763200789690018 -0.4031062722206116 
0.4469047486782074 0.8869509696960449 -0.1165934577584267 -0.1441664695739746 
-0.02653706073760986 0.143419623374939 0.9893060922622681 -0.9924357533454895 
0 0 0 1 

0.8260091543197632 -0.4949819445610046 0.2696323096752167 -0.5732744932174683 
0.5406022667884827 0.8311125636100769 -0.1303875744342804 -0.1533320397138596 
-0.1595552563667297 0.2534652352333069 0.9540950655937195 -0.9460261464118958 
0 0 0 1 

0.8334242701530457 -0.4455873370170593 0.3268879354000092 -0.6647159457206726 
0.511569619178772 0.845807671546936 -0.1513464897871017 -0.122499942779541 
-0.2090461552143097 0.2933618724346161 0.9328657388687134 -0.9212741255760193 
0 0 0 1 

0.7538134455680847 -0.4984462559223175 0.4281546771526337 -0.7349088191986084 
0.5782252550125122 0.8127025365829468 -0.07190246880054474 -0.2160735875368118 
-0.3121228218078613 0.3017709851264954 0.9008404612541199 -0.8573458194732666 
0 0 0 1 

