1 0 0 -0.2246657013893127 
0 1 0 -0.1996245533227921 
0 0 1 -0.9186304211616516 
0 0 0 1 

0.9989140033721924 -0.04117317870259285 -0.02180851809680462 -0.1993335485458374 
0.03932782635092735 0.9960840940475464 -0.07918202131986618 -0.1366846561431885 
0.02498328313231468 0.078238345682621 0.9966216087341309 -0.9243645668029785 
0 0 0 1 

0.9939906597137451 -0.0841914638876915 -0.06995916366577148 -0.1463251858949661 
0.07279308885335922 0.9857004880905151 -0.1519724428653717 -0.07490424811840057 
0.08175361901521683 0.1459666192531586 0.985905647277832 -0.928139865398407 
0 0 0 1 

0.9824137687683105 -0.1537428647279739 -0.105954110622406 -0.09954283386468887 
0.1183071658015251 0.9515596032142639 -0.283791571855545 0.03892902657389641 
0.1444526016712189 0.2662656009197235 0.9530141949653625 -0.9209901094436646 
0 0 0 1 

0.9641686677932739 -0.2322034537792206 -0.1282976269721985 -0.06436969339847565 
0.1618468761444092 0.8980421423912048 -0.4090546369552612 0.1469765156507492 
0.2102006673812866 0.373633086681366 0.9034455418586731 -0.8982519507408142 
0 0 0 1 

0.9496374130249023 -0.2943115234375 -0.1075614839792252 -0.07024048268795013 
0.2010965794324875 0.8356603384017944 -0.5111083388328552 0.235760360956192 
0.24031001329422 0.4637373387813568 0.8527594208717346 -0.8651162385940552 
0 0 0 1 

0.9324690103530884 -0.357517421245575 -0.05179548263549805 -0.1568402796983719 
0.2912248373031616 0.8287883996963501 -0.4778051972389221 0.19898322224617 
0.2137512117624283 0.430454432964325 0.8769375085830688 -0.8892709612846375 
0 0 0 1 

0.9256434440612793 -0.3776364326477051 -0.02397457882761955 -0.2019364237785339 
0.3383852243423462 0.8544591665267944 -0.3942013680934906 0.1168685629963875 
0.1693502068519592 0.3567772805690765 0.918711245059967 -0.9229424595832825 
0 0 0 1 

0.9186215400695801 -0.3944716155529022 0.02294711023569107 -0.2716934680938721 
0.3801124393939972 0.8663349151611328 -0.3240034580230713 0.04905352368950844 
0.1079303398728371 0.3063590526580811 0.9457775354385376 -0.9474804997444153 
0 0 0 1 

