1.000000000000000000e+00 0.000000000000000000e+00 0.000000000000000000e+00 -2.246657013893127441e-01
0.000000000000000000e+00 1.000000000000000000e+00 0.000000000000000000e+00 -1.996245533227920532e-01
0.000000000000000000e+00 0.000000000000000000e+00 1.000000000000000000e+00 -9.186304211616516113e-01
0.000000000000000000e+00 0.000000000000000000e+00 0.000000000000000000e+00 1.000000000000000000e+00
9.988583326339721680e-01 -4.272273182868957520e-02 -2.137359045445919037e-02 -1.994698941707611084e-01
4.105719178915023804e-02 9.964804053306579590e-01 -7.308351993560791016e-02 -1.428389251232147217e-01
2.442067861557006836e-02 7.212254405021667480e-02 9.970967769622802734e-01 -9.235745072364807129e-01
0.000000000000000000e+00 0.000000000000000000e+00 0.000000000000000000e+00 1.000000000000000000e+00
9.951658248901367188e-01 -7.268920540809631348e-02 -6.603893637657165527e-02 -1.526110768318176270e-01
6.183727830648422241e-02 9.861884713172912598e-01 -1.536497771739959717e-01 -7.206253707408905029e-02
7.629556953907012939e-02 1.488233059644699097e-01 9.859160780906677246e-01 -9.281082153320312500e-01
0.000000000000000000e+00 0.000000000000000000e+00 0.000000000000000000e+00 1.000000000000000000e+00
9.839842319488525391e-01 -1.451162546873092651e-01 -1.035191267728805542e-01 -1.040106937289237976e-01
1.097299903631210327e-01 9.507747888565063477e-01 -2.898042798042297363e-01 4.521211236715316772e-02
1.404787003993988037e-01 2.738036811351776123e-01 9.514710903167724609e-01 -9.209038615226745605e-01
0.000000000000000000e+00 0.000000000000000000e+00 0.000000000000000000e+00 1.000000000000000000e+00
9.665176272392272949e-01 -2.234787493944168091e-01 -1.260987371206283569e-01 -6.866602599620819092e-02
1.537562012672424316e-01 8.978176116943359375e-01 -4.126528501510620117e-01 1.509853303432464600e-01
2.054329067468643188e-01 3.794477880001068115e-01 9.021178483963012695e-01 -8.978062868118286133e-01
0.000000000000000000e+00 0.000000000000000000e+00 0.000000000000000000e+00 1.000000000000000000e+00
9.513542056083679199e-01 -2.885671257972717285e-01 -1.079540476202964783e-01 -7.153405994176864624e-02
1.958445012569427490e-01 8.368852734565734863e-01 -5.111436247825622559e-01 2.360694706439971924e-01
2.378444671630859375e-01 4.651364088058471680e-01 8.526887297630310059e-01 -8.652358055114746094e-01
0.000000000000000000e+00 0.000000000000000000e+00 0.000000000000000000e+00 1.000000000000000000e+00
9.354969263076782227e-01 -3.495523929595947266e-01 -5.156099423766136169e-02 -1.593905836343765259e-01
2.843250632286071777e-01 8.313630819320678711e-01 -4.774878025054931641e-01 1.994759887456893921e-01
2.097729593515396118e-01 4.320282936096191406e-01 8.771241903305053711e-01 -8.890641331672668457e-01
0.000000000000000000e+00 0.000000000000000000e+00 0.000000000000000000e+00 1.000000000000000000e+00
9.277999997138977051e-01 -3.723803758621215820e-01 -2.280018478631973267e-02 -2.046167701482772827e-01
3.340764343738555908e-01 8.564597964286804199e-01 -3.935343623161315918e-01 1.166454553604125977e-01
1.660720258951187134e-01 3.575041890144348145e-01 9.190270900726318359e-01 -9.227457046508789062e-01
0.000000000000000000e+00 0.000000000000000000e+00 0.000000000000000000e+00 1.000000000000000000e+00
9.172093272209167480e-01 -3.982134759426116943e-01 1.237113401293754578e-02 -2.608214318752288818e-01
3.831791877746582031e-01 8.732272386550903320e-01 -3.010775744915008545e-01 2.465759590268135071e-02
1.090903952717781067e-01 2.808915674686431885e-01 9.535193443298339844e-01 -9.514799118041992188e-01
0.000000000000000000e+00 0.000000000000000000e+00 0.000000000000000000e+00 1.000000000000000000e+00
