1.000000000000000000e+00 0.000000000000000000e+00 0.000000000000000000e+00 -1.724681335448287500e+00
0.000000000000000000e+00 -1.000000000000000000e+00 0.000000000000000000e+00 -1.637983189942774365e+00
0.000000000000000000e+00 0.000000000000000000e+00 -1.000000000000000000e+00 -7.092073492565295290e+00
0.000000000000000000e+00 0.000000000000000000e+00 0.000000000000000000e+00 1.000000000000000000e+00
9.994175434112548828e-01 2.961243689060211182e-02 1.696242205798625946e-02 -1.583981267907358159e+00
2.835863456130027771e-02 -9.971498250961303711e-01 6.991411000490188599e-02 -1.202874361450155138e+00
1.898441463708877563e-02 -6.939234584569931030e-02 -9.974087476730346680e-01 -7.117835900752381484e+00
0.000000000000000000e+00 0.000000000000000000e+00 0.000000000000000000e+00 1.000000000000000000e+00
9.960183501243591309e-01 6.500027328729629517e-02 6.101126596331596375e-02 -1.217551627855364194e+00
5.497809126973152161e-02 -9.866049289703369141e-01 1.535836756229400635e-01 -6.441063183532371728e-01
7.017706334590911865e-02 -1.496178507804870605e-01 -9.862502217292785645e-01 -7.156302340463994938e+00
0.000000000000000000e+00 0.000000000000000000e+00 0.000000000000000000e+00 1.000000000000000000e+00
9.862464666366577148e-01 1.323921680450439453e-01 9.894557297229766846e-02 -8.491420671099445538e-01
9.989381581544876099e-02 -9.544008374214172363e-01 2.813186943531036377e-01 2.029802648089174544e-01
1.316781640052795410e-01 -2.675655186176300049e-01 -9.544996023178100586e-01 -7.104148802755420711e+00
0.000000000000000000e+00 0.000000000000000000e+00 0.000000000000000000e+00 1.000000000000000000e+00
9.686334729194641113e-01 2.159596085548400879e-01 1.229250878095626831e-01 -5.580834992628795899e-01
1.494641602039337158e-01 -9.015296697616577148e-01 4.060846567153930664e-01 1.022791808868889207e+00
1.985184997320175171e-01 -3.749743103981018066e-01 -9.055299758911132812e-01 -6.934626595825808870e+00
0.000000000000000000e+00 0.000000000000000000e+00 0.000000000000000000e+00 1.000000000000000000e+00
9.538740515708923340e-01 2.808204293251037598e-01 1.061325147747993469e-01 -5.724531482625844214e-01
1.905559301376342773e-01 -8.395507931709289551e-01 5.087659358978271484e-01 1.709939876779644763e+00
2.319755405187606812e-01 -4.650744497776031494e-01 -8.543377518653869629e-01 -6.680228847118330648e+00
0.000000000000000000e+00 0.000000000000000000e+00 0.000000000000000000e+00 1.000000000000000000e+00
9.381595849990844727e-01 3.427374958992004395e-01 4.886221885681152344e-02 -1.254550361732611030e+00
2.804011106491088867e-01 -8.350204825401306152e-01 4.734087884426116943e-01 1.414830813098937101e+00
2.030559480190277100e-01 -4.304319918155670166e-01 -8.794865012168884277e-01 -6.862178411418003776e+00
0.000000000000000000e+00 0.000000000000000000e+00 0.000000000000000000e+00 1.000000000000000000e+00
9.311535358428955078e-01 3.639966547489166260e-01 2.143517136573791504e-02 -1.598728873564503994e+00
3.276717364788055420e-01 -8.611205220222473145e-01 3.887190818786621094e-01 7.762893271303685783e-01
1.599508076906204224e-01 -3.549334406852722168e-01 -9.211068749427795410e-01 -7.119399431439250137e+00
0.000000000000000000e+00 0.000000000000000000e+00 0.000000000000000000e+00 1.000000000000000000e+00
9.194307923316955566e-01 3.930194377899169922e-01 -1.351575367152690887e-02 -2.023729099301385226e+00
3.790226578712463379e-01 -8.764775991439819336e-01 2.968648672103881836e-01 6.884580823505039027e-02
1.048274785280227661e-01 -2.780694365501403809e-01 -9.548238515853881836e-01 -7.337983503258339368e+00
0.000000000000000000e+00 0.000000000000000000e+00 0.000000000000000000e+00 1.000000000000000000e+00
9.128928184509277344e-01 4.053549170494079590e-01 -4.810334742069244385e-02 -2.545277574748263216e+00
4.040976762771606445e-01 -8.807602524757385254e-01 2.469135373830795288e-01 -2.600138686443479452e-01
5.772016942501068115e-02 -2.448440641164779663e-01 -9.678428173065185547e-01 -7.538762076585160621e+00
0.000000000000000000e+00 0.000000000000000000e+00 0.000000000000000000e+00 1.000000000000000000e+00
8.958960771560668945e-01 4.394325017929077148e-01 -6.533905863761901855e-02 -2.806858051068833682e+00
4.436073899269104004e-01 -8.768541812896728516e-01 1.853080093860626221e-01 -7.354329178872006656e-01
2.413758821785449982e-02 -1.950016021728515625e-01 -9.805058240890502930e-01 -7.675823327484911474e+00
0.000000000000000000e+00 0.000000000000000000e+00 0.000000000000000000e+00 1.000000000000000000e+00
8.885238766670227051e-01 4.493170380592346191e-01 -9.294863790273666382e-02 -3.118926045480135745e+00
4.576390981674194336e-01 -8.824303150177001953e-01 1.090098768472671509e-01 -1.301242593970264982e+00
-3.304067999124526978e-02 -1.393948197364807129e-01 -9.896854758262634277e-01 -7.643983739323553017e+00
0.000000000000000000e+00 0.000000000000000000e+00 0.000000000000000000e+00 1.000000000000000000e+00
8.472033143043518066e-01 4.770574569702148438e-01 -2.338000088930130005e-01 -4.230444698610131837e+00
5.086660385131835938e-01 -8.553863763809204102e-01 9.784039109945297241e-02 -1.467114724264040326e+00
-1.533137708902359009e-01 -2.018169313669204712e-01 -9.673493504524230957e-01 -7.380614762218751679e+00
0.000000000000000000e+00 0.000000000000000000e+00 0.000000000000000000e+00 1.000000000000000000e+00
8.335784077644348145e-01 4.550274014472961426e-01 -3.132042288780212402e-01 -4.984337648736244297e+00
5.112935900688171387e-01 -8.501722216606140137e-01 1.256419718265533447e-01 -1.241094689849947308e+00
-2.091069370508193970e-01 -2.648718357086181641e-01 -9.413379430770874023e-01 -7.173301255665418097e+00
0.000000000000000000e+00 0.000000000000000000e+00 0.000000000000000000e+00 1.000000000000000000e+00
