1 0 0 -0.2246657013893127 
0 1 0 -0.1996245533227921 
0 0 1 -0.9186304211616516 
0 0 0 1 

0.9989140033721924 -0.04117335379123688 -0.02180859073996544 -0.1993344873189926 
0.03932797163724899 0.9960840344429016 -0.07918234914541245 -0.1366839706897736 
0.02498340234160423 0.07823865860700607 0.9966215491294861 -0.9243620634078979 
0 0 0 1 

0.9939906597137451 -0.08419163525104523 -0.06995930522680283 -0.1463257223367691 
0.07279321551322937 0.9857004284858704 -0.1519727557897568 -0.07490451633930206 
0.08175379782915115 0.1459669023752213 0.9859055876731873 -0.9281391501426697 
0 0 0 1 

0.9824137091636658 -0.1537430584430695 -0.1059541925787926 -0.09954296797513962 
0.1183072552084923 0.9515594840049744 -0.2837918996810913 0.03892877325415611 
0.1444528102874756 0.266265869140625 0.9530140161514282 -0.9209901094436646 
0 0 0 1 

0.9641686081886292 -0.2322035878896713 -0.1282976567745209 -0.06436985731124878 
0.1618469208478928 0.8980420231819153 -0.4090548455715179 0.1469762325286865 
0.210200771689415 0.3736332356929779 0.9034454226493835 -0.898252010345459 
0 0 0 1 

0.9496373534202576 -0.2943117022514343 -0.1075614914298058 -0.07024054229259491 
0.2010966837406158 0.8356601595878601 -0.5111086964607239 0.2357600629329681 
0.2403101921081543 0.4637376070022583 0.8527592420578003 -0.8651161789894104 
0 0 0 1 

0.9324690103530884 -0.3575174808502197 -0.05179545283317566 -0.1568402945995331 
0.2912248373031616 0.8287882804870605 -0.4778052866458893 0.1989830881357193 
0.2137512862682343 0.4304544627666473 0.8769373893737793 -0.8892709612846375 
0 0 0 1 

0.9256433248519897 -0.377636730670929 -0.02397452853620052 -0.201936200261116 
0.3383854627609253 0.8544589281082153 -0.3942016959190369 0.1168684065341949 
0.1693504005670547 0.3567774891853333 0.9187111258506775 -0.9229428768157959 
0 0 0 1 

0.921103835105896 -0.3892830014228821 0.005129553377628326 -0.2462889403104782 
0.3664033710956573 0.8623632788658142 -0.349396824836731 0.07364600896835327 
0.1315907984972 0.3237104117870331 0.9369608163833618 -0.9397563934326172 
0 0 0 1 

