1 0 0 -0.2246657013893127 
0 1 0 -0.1996245533227921 
0 0 1 -0.9186304211616516 
0 0 0 1 

0.9989140033721924 -0.04117327556014061 -0.02180854417383671 -0.1993342489004135 
0.03932789340615273 0.9960840344429016 -0.07918218523263931 -0.1366838812828064 
0.02498335391283035 0.07823849469423294 0.9966215491294861 -0.9243625998497009 
0 0 0 1 

0.9939906597137451 -0.08419154584407806 -0.06995925307273865 -0.1463253498077393 
0.07279317080974579 0.9857004880905151 -0.1519726067781448 -0.07490456104278564 
0.08175370842218399 0.1459667831659317 0.985905647277832 -0.9281399250030518 
0 0 0 1 

0.9824137687683105 -0.1537429690361023 -0.105954147875309 -0.09954297542572021 
0.1183072030544281 0.9515595436096191 -0.283791720867157 0.03892895579338074 
0.1444527208805084 0.2662657499313354 0.953014075756073 -0.9209899306297302 
0 0 0 1 

0.9641686081886292 -0.2322035580873489 -0.1282976418733597 -0.06436970084905624 
0.1618469208478928 0.8980420231819153 -0.4090548157691956 0.146976426243782 
0.2102007567882538 0.3736332058906555 0.9034454226493835 -0.8982521295547485 
0 0 0 1 

0.9496374130249023 -0.2943116128444672 -0.1075614988803864 -0.07024058699607849 
0.2010966390371323 0.8356602787971497 -0.5111085176467896 0.2357601523399353 
0.2403100878000259 0.4637374877929688 0.8527593612670898 -0.8651161789894104 
0 0 0 1 

0.9324690103530884 -0.3575173914432526 -0.05179547891020775 -0.1568403095006943 
0.2912248075008392 0.8287883996963501 -0.4778051674365997 0.1989831626415253 
0.2137512117624283 0.4304544031620026 0.8769375085830688 -0.8892709612846375 
0 0 0 1 

0.9256433844566345 -0.3776365518569946 -0.02397454716265202 -0.2019363641738892 
0.3383853435516357 0.8544591069221497 -0.3942015171051025 0.1168684735894203 
0.1693502962589264 0.3567773699760437 0.9187111854553223 -0.9229426383972168 
0 0 0 1 

0.9220383763313293 -0.3869542181491852 0.01056327857077122 -0.2519110143184662 
0.3667455017566681 0.8645021915435791 -0.3437057137489319 0.06815676391124725 
0.1238664612174034 0.3207839131355286 0.9390179514884949 -0.9390220046043396 
0 0 0 1 

