1 0 0 -0.2246657013893127 
0 1 0 -0.1996245533227921 
0 0 1 -0.9186304211616516 
0 0 0 1 

0.9978848695755005 -0.0590750053524971 -0.02712881192564964 -0.1907781511545181 
0.05624759942293167 0.9938634634017944 -0.09524548053741455 -0.119459368288517 
0.0325889028608799 0.09351810812950134 0.9950841069221497 -0.9254390001296997 
0 0 0 1 

0.9927250742912292 -0.1006620898842812 -0.06606109440326691 -0.1462901681661606 
0.08616959303617477 0.9771879911422729 -0.1941093802452087 -0.0333276204764843 
0.08409355580806732 0.1870048046112061 0.9787530303001404 -0.9285536408424377 
0 0 0 1 

0.982407808303833 -0.1596091091632843 -0.09695243835449219 -0.1064748987555504 
0.1231241822242737 0.9439246654510498 -0.3063440918922424 0.06412799656391144 
0.1404111087322235 0.2890176773071289 0.9469707012176514 -0.9174869656562805 
0 0 0 1 

0.962674081325531 -0.2429815828800201 -0.1192415580153465 -0.06981410831212997 
0.172101765871048 0.889538586139679 -0.4232043921947479 0.1638406664133072 
0.2089008986949921 0.3868862092494965 0.8981533050537109 -0.8937976956367493 
0 0 0 1 

