1.000000000000000000e+00 0.000000000000000000e+00 0.000000000000000000e+00 -2.246657013893127441e-01
0.000000000000000000e+00 1.000000000000000000e+00 0.000000000000000000e+00 -1.996245533227920532e-01
0.000000000000000000e+00 0.000000000000000000e+00 1.000000000000000000e+00 -9.186304211616516113e-01
0.000000000000000000e+00 0.000000000000000000e+00 0.000000000000000000e+00 1.000000000000000000e+00
9.996898770332336426e-01 -2.263796329498291016e-02 -1.038180757313966751e-02 -2.136526703834533691e-01
2.155889570713043213e-02 9.953057169914245605e-01 -9.434952586889266968e-02 -1.163849085569381714e-01
1.246889308094978333e-02 9.409644454717636108e-02 9.954850077629089355e-01 -9.228590130805969238e-01
0.000000000000000000e+00 0.000000000000000000e+00 0.000000000000000000e+00 1.000000000000000000e+00
9.940843582153320312e-01 -7.991927862167358398e-02 -7.354722917079925537e-02 -1.440477967262268066e-01
6.605356186628341675e-02 9.824005961418151855e-01 -1.747168749570846558e-01 -4.973012953996658325e-02
8.621609210968017578e-02 1.688252538442611694e-01 9.818680286407470703e-01 -9.290498495101928711e-01
0.000000000000000000e+00 0.000000000000000000e+00 0.000000000000000000e+00 1.000000000000000000e+00
9.840623140335083008e-01 -1.426259428262710571e-01 -1.062033101916313171e-01 -1.019839942455291748e-01
1.053049862384796143e-01 9.486572146415710449e-01 -2.982623577117919922e-01 5.810011923313140869e-02
1.432904899120330811e-01 2.823250591754913330e-01 9.485570192337036133e-01 -9.186601638793945312e-01
0.000000000000000000e+00 0.000000000000000000e+00 0.000000000000000000e+00 1.000000000000000000e+00
9.660792946815490723e-01 -2.231713980436325073e-01 -1.299435496330261230e-01 -6.512945145368576050e-02
1.533293575048446655e-01 9.005784988403320312e-01 -4.067535996437072754e-01 1.497265100479125977e-01
2.078001648187637329e-01 3.730320334434509277e-01 9.042488932609558105e-01 -8.967176079750061035e-01
0.000000000000000000e+00 0.000000000000000000e+00 0.000000000000000000e+00 1.000000000000000000e+00
