1 0 0 -0.2246657013893127 
0 1 0 -0.1996245533227921 
0 0 1 -0.9186304211616516 
0 0 0 1 

0.918677806854248 -0.3948138356208801 0.01236768905073404 -0.2619385719299316 
0.3805025815963745 0.8761027455329895 -0.2960768938064575 0.0213506855070591 
0.1060599833726883 0.2767052054405212 0.9550840258598328 -0.9507011771202087 
0 0 0 1 

0.9139009118080139 -0.4034527838230133 0.04484343156218529 -0.3286780118942261 
0.4009054601192474 0.8797089457511902 -0.2557085752487183 -0.01044710539281368 
0.06371720880270004 0.2516703009605408 0.9657132625579834 -0.9774945378303528 
0 0 0 1 

0.8973640203475952 -0.4363222718238831 0.06603453308343887 -0.3665337860584259 
0.4405792355537415 0.8773342370986938 -0.1901959478855133 -0.07537488639354706 
0.02505240961909294 0.199768453836441 0.9795228242874146 -0.9938251972198486 
0 0 0 1 

0.8900609612464905 -0.4467160403728485 0.090753473341465 -0.4041162431240082 
0.4550122320652008 0.8826594352722168 -0.117796927690506 -0.1453976035118103 
-0.02748260274529457 0.1461403965950012 0.9888820648193359 -0.992258608341217 
0 0 0 1 

0.7300165295600891 -0.5882278084754944 0.3479419052600861 -0.6051114797592163 
0.661314070224762 0.736458420753479 -0.1424513161182404 -0.1765417456626892 
-0.1724508255720139 0.3340907990932465 0.926630437374115 -0.9224867820739746 
0 0 0 1 

0.8115746974945068 -0.4660498797893524 0.3523403406143188 -0.6797207593917847 
0.5545001029968262 0.8044049143791199 -0.2132182568311691 -0.0757054015994072 
-0.1840538531541824 0.3684154152870178 0.911259651184082 -0.9138933420181274 
0 0 0 1 

0.9070186018943787 -0.383585661649704 0.1737214326858521 -0.5944536924362183 
0.410944789648056 0.8963418006896973 -0.1664199382066727 -0.05244555324316025 
-0.09187743812799454 0.2223359495401382 0.9706313610076904 -1.041076421737671 
0 0 0 1 

0.9464909434318542 -0.3046858608722687 0.1064018532633781 -0.5581263303756714 
0.321677178144455 0.9172674417495728 -0.2348279058933258 0.06328567117452621 
-0.02605017274618149 0.2564895451068878 0.9661958813667297 -1.07073974609375 
0 0 0 1 

0.7646912932395935 -0.5832200050354004 0.2740465998649597 -0.6620880365371704 
0.544259786605835 0.8122348189353943 0.2098945826292038 -0.3618496954441071 
-0.3450049459934235 -0.01135195232927799 0.9385321736335754 -0.9291969537734985 
0 0 0 1 

