1 0 0 -0.2246657013893127 
0 1 0 -0.1996245533227921 
0 0 1 -0.9186304211616516 
0 0 0 1 

0.9186777472496033 -0.3948140144348145 0.01236774027347565 -0.2619384229183197 
0.3805027604103088 0.8761026263237 -0.2960770428180695 0.02135062962770462 
0.1060600727796555 0.2767053544521332 0.955083966255188 -0.9507012367248535 
0 0 0 1 

0.9139009118080139 -0.4034527838230133 0.04484343156218529 -0.3286781013011932 
0.4009054601192474 0.8797089457511902 -0.2557085752487183 -0.0104471268132329 
0.06371720880270004 0.2516703009605408 0.9657132625579834 -0.9774945378303528 
0 0 0 1 

0.8973639607429504 -0.436322420835495 0.06603459268808365 -0.3665338158607483 
0.4405793845653534 0.8773341178894043 -0.1901960074901581 -0.07537488639354706 
0.02505245059728622 0.1997685134410858 0.9795227646827698 -0.9938252568244934 
0 0 0 1 

0.8900609612464905 -0.4467160403728485 0.090753473341465 -0.4041162133216858 
0.4550122320652008 0.8826594352722168 -0.117796927690506 -0.1453975737094879 
-0.02748260647058487 0.1461403965950012 0.9888820648193359 -0.9922584891319275 
0 0 0 1 

0.7300165295600891 -0.5882278084754944 0.3479419648647308 -0.6051114797592163 
0.661314070224762 0.736458420753479 -0.1424513310194016 -0.1765416413545609 
-0.172450840473175 0.3340908586978912 0.926630437374115 -0.9224867224693298 
0 0 0 1 

0.8115746378898621 -0.4660500586032867 0.3523404598236084 -0.6797207593917847 
0.5545003414154053 0.8044048547744751 -0.2132183164358139 -0.07570523023605347 
-0.1840538829565048 0.3684155642986298 0.9112595915794373 -0.9138932824134827 
0 0 0 1 

0.9070186018943787 -0.3835858106613159 0.1737214773893356 -0.5944536328315735 
0.410944938659668 0.8963418006896973 -0.1664199978113174 -0.05244558304548264 
-0.09187746047973633 0.222336009144783 0.9706313610076904 -1.04107654094696 
0 0 0 1 

0.9464908838272095 -0.3046859502792358 0.1064019277691841 -0.5581263303756714 
0.3216773271560669 0.9172673225402832 -0.234827995300293 0.06328554451465607 
-0.0260501354932785 0.2564896643161774 0.966195821762085 -1.07073962688446 
0 0 0 1 

0.7646912336349487 -0.5832200050354004 0.2740466594696045 -0.6620850563049316 
0.544259786605835 0.8122349381446838 0.2098946124315262 -0.3618481159210205 
-0.3450049161911011 -0.01135193556547165 0.938532292842865 -0.9291966557502747 
0 0 0 1 

