1 0 0 -0.2246657013893127 
0 1 0 -0.1996245533227921 
0 0 1 -0.9186304211616516 
0 0 0 1 

0.9994175434112549 -0.02961243875324726 -0.01696242392063141 -0.2064191251993179 
0.02835863642394543 0.9971498250961304 -0.06991411745548248 -0.1431944966316223 
0.01898441649973392 0.06939235329627991 0.9974087476730347 -0.9219691753387451 
0 0 0 1 

0.9381595849990845 -0.3427374958992004 -0.04886220768094063 -0.1636942476034164 
0.2804011106491089 0.8350204825401306 -0.4734087884426117 0.1962961554527283 
0.2030559480190277 0.430431991815567 0.8794865012168884 -0.88881516456604 
0 0 0 1 

0.9311534762382507 -0.3639967441558838 -0.02143514901399612 -0.2083309590816498 
0.3276718258857727 0.8611204028129578 -0.388719230890274 0.1134834289550781 
0.1599508821964264 0.3549335300922394 0.9211068153381348 -0.9221742749214172 
0 0 0 1 

0.919430673122406 -0.3930195868015289 0.01351579092442989 -0.2634491920471191 
0.3790227472782135 0.8764774799346924 -0.2968649566173553 0.02173482440412045 
0.1048275455832481 0.2780695259571075 0.9548237919807434 -0.9505227208137512 
0 0 0 1 

0.9128928780555725 -0.405354917049408 0.04810334369540215 -0.3310892581939697 
0.4040976762771606 0.8807602524757385 -0.2469135373830795 -0.02091511711478233 
0.05772016569972038 0.244844064116478 0.9678428173065186 -0.9765617251396179 
0 0 0 1 

0.8958959579467773 -0.4394326508045197 0.0653391107916832 -0.3650137186050415 
0.4436075389385223 0.8768540620803833 -0.1853080540895462 -0.08257241547107697 
0.02413763292133808 0.1950016766786575 0.9805058240890503 -0.994337260723114 
0 0 0 1 

0.8885238766670227 -0.4493170380592346 0.09294863790273666 -0.4054858684539795 
0.4576390981674194 0.8824303150177002 -0.1090098768472672 -0.1559524834156036 
-0.03304067999124527 0.1393948197364807 0.9896854758262634 -0.990207850933075 
0 0 0 1 

0.847203254699707 -0.4770575761795044 0.2338000684976578 -0.5496391654014587 
0.5086661577224731 0.8553863167762756 -0.09784039855003357 -0.177464485168457 
-0.1533138155937195 0.2018169760704041 0.9673493504524231 -0.9560514688491821 
0 0 0 1 

0.8315919041633606 -0.464339554309845 0.3047022521495819 -0.6292933225631714 
0.5195910930633545 0.8442298173904419 -0.1315329819917679 -0.1477794349193573 
-0.1961627006530762 0.2677024304866791 0.9433215260505676 -0.9339026808738708 
0 0 0 1 

