1 0 0 -0.2246657013893127 
0 1 0 -0.1996245533227921 
0 0 1 -0.9186304211616516 
0 0 0 1 

0.9988583326339722 -0.0427226796746254 -0.02137355878949165 -0.1994687765836716 
0.04105713218450546 0.9964803457260132 -0.07308342307806015 -0.1428398042917252 
0.02442065440118313 0.07212244719266891 0.9970967769622803 -0.9235768914222717 
0 0 0 1 

0.9951658844947815 -0.07268907874822617 -0.0660388246178627 -0.1526103913784027 
0.06183716282248497 0.986188530921936 -0.1536495089530945 -0.07206206023693085 
0.07629543542861938 0.1488230526447296 0.9859160780906677 -0.9281091690063477 
0 0 0 1 

0.9839842915534973 -0.1451160907745361 -0.1035190299153328 -0.1040107235312462 
0.1097298786044121 0.9507749080657959 -0.2898039817810059 0.04521235823631287 
0.1404785513877869 0.2738034129142761 0.9514711499214172 -0.9209035038948059 
0 0 0 1 

0.9665176272392273 -0.2234786003828049 -0.1260986924171448 -0.06866586208343506 
0.1537561267614365 0.8978177309036255 -0.4126526713371277 0.1509856730699539 
0.2054327726364136 0.3794475793838501 0.902117908000946 -0.8978062868118286 
0 0 0 1 

0.9513543248176575 -0.2885669469833374 -0.1079540476202965 -0.07153408229351044 
0.195844441652298 0.8368854522705078 -0.5111433267593384 0.2360696196556091 
0.2378443032503128 0.4651362001895905 0.8526888489723206 -0.8652356863021851 
0 0 0 1 

0.9354970455169678 -0.349552184343338 -0.05156101658940315 -0.1593906432390213 
0.2843249142169952 0.831363320350647 -0.4774875342845917 0.1994760930538177 
0.2097727805376053 0.4320280849933624 0.8771243095397949 -0.8890641331672668 
0 0 0 1 

0.9278001189231873 -0.3723801672458649 -0.02280022576451302 -0.204616904258728 
0.3340762555599213 0.8564599752426147 -0.3935341835021973 0.1166456639766693 
0.166071891784668 0.3575040102005005 0.9190271496772766 -0.9227455854415894 
0 0 0 1 

0.9172093868255615 -0.398213267326355 0.01237110514193773 -0.2608213722705841 
0.3831790089607239 0.8732273578643799 -0.3010774552822113 0.02465773187577724 
0.1090903207659721 0.2808913886547089 0.9535194039344788 -0.9514799118041992 
0 0 0 1 

0.9150472283363342 -0.4012483656406403 0.0410885326564312 -0.3064811825752258 
0.3974336087703705 0.8795631527900696 -0.26156285405159 -0.01034326106309891 
0.06881172955036163 0.2556723058223724 0.9643114805221558 -0.9615441560745239 
0 0 0 1 

