0.9993719458580017 -0.03105932101607323 -0.01705953851342201 -0.2059198766946793 
0.0297088734805584 0.9967857003211975 -0.07440212368965149 -0.1390636265277863 
0.01931559294462204 0.07384857535362244 0.9970823526382446 -0.9225191473960876 
0 0 0 1 

0.9313260912895203 -0.3635183572769165 -0.02204578742384911 -0.2077591121196747 
0.3262038230895996 0.8595811128616333 -0.3933334350585938 0.1186423450708389 
0.1619341671466827 0.3591302633285522 0.9191314578056335 -0.9214600920677185 
0 0 0 1 

0.9200215339660645 -0.3916614651679993 0.01271397154778242 -0.2629917562007904 
0.3772512674331665 0.8764603734016418 -0.2991631329059601 0.02482658252120018 
0.1060274317860603 0.2800328433513641 0.9541172385215759 -0.9504212141036987 
0 0 0 1 

0.9131606817245483 -0.4053195714950562 0.0430527999997139 -0.3263721764087677 
0.4021179676055908 0.8785756230354309 -0.2576933205127716 -0.009146665222942829 
0.06662308424711227 0.2526277005672455 0.9652670621871948 -0.9781466126441956 
0 0 0 1 

0.896317720413208 -0.4390950798988342 0.06172414869070053 -0.3615514934062958 
0.4422805905342102 0.8753875494003296 -0.1951520442962646 -0.07147440314292908 
0.03165782988071442 0.2022176384925842 0.9788287878036499 -0.9961680173873901 
0 0 0 1 

0.8873706459999084 -0.453414648771286 0.08359655737876892 -0.3948317766189575 
0.4606829583644867 0.8792538046836853 -0.121177040040493 -0.1440129727125168 
-0.01855912059545517 0.1460404694080353 0.9891045093536377 -0.9958178400993347 
0 0 0 1 

0.7701275944709778 -0.5552332997322083 0.3140368461608887 -0.5897679924964905 
0.6148956418037415 0.7771616578102112 -0.1338760852813721 -0.1717259734869003 
-0.1697248667478561 0.2962016463279724 0.9399244785308838 -0.9325716495513916 
0 0 0 1 

0.8269648551940918 -0.454634964466095 0.3308112323284149 -0.6651101112365723 
0.5289537310600281 0.8285519480705261 -0.1836014837026596 -0.09674264490604401 
-0.1906225830316544 0.3268158435821533 0.9256643056869507 -0.9224871397018433 
0 0 0 1 

0.9144771695137024 -0.3795616030693054 0.1402300000190735 -0.5643790364265442 
0.4015122652053833 0.8941694498062134 -0.1981131285429001 -0.01739371381700039 
-0.05019323155283928 0.2374740093946457 0.970096230506897 -1.055697679519653 
0 0 0 1 

0.9490594863891602 -0.3053972125053406 0.07757937908172607 -0.5313385725021362 
0.3149324059486389 0.9114121198654175 -0.2648496031761169 0.09600319713354111 
0.01017763931304216 0.275790274143219 0.9611638784408569 -1.078468203544617 
0 0 0 1 

