1.000000000000000000e+00 0.000000000000000000e+00 0.000000000000000000e+00 -2.246657013893127441e-01
0.000000000000000000e+00 1.000000000000000000e+00 0.000000000000000000e+00 -1.996245533227920532e-01
0.000000000000000000e+00 0.000000000000000000e+00 1.000000000000000000e+00 -9.186304211616516113e-01
0.000000000000000000e+00 0.000000000000000000e+00 0.000000000000000000e+00 1.000000000000000000e+00
9.987915754318237305e-01 -2.314653433859348297e-02 -4.335374012589454651e-02 -1.837768554687500000e-01
2.008968219161033630e-02 9.973681569099426270e-01 -6.966441869735717773e-02 -1.403635591268539429e-01
4.485212638974189758e-02 6.870926916599273682e-02 9.966279268264770508e-01 -9.266383647918701172e-01
0.000000000000000000e+00 0.000000000000000000e+00 0.000000000000000000e+00 1.000000000000000000e+00
9.958935379981994629e-01 -5.875114724040031433e-02 -6.887945532798767090e-02 -1.527660936117172241e-01
4.766165837645530701e-02 9.871013760566711426e-01 -1.528371721506118774e-01 -6.852601468563079834e-02
7.697042077779769897e-02 1.489265859127044678e-01 9.858479499816894531e-01 -9.276721477508544922e-01
0.000000000000000000e+00 0.000000000000000000e+00 0.000000000000000000e+00 1.000000000000000000e+00
9.855797290802001953e-01 -1.278526037931442261e-01 -1.108432114124298096e-01 -1.010544002056121826e-01
9.299045801162719727e-02 9.565162062644958496e-01 -2.764586508274078369e-01 3.716254234313964844e-02
1.413693130016326904e-01 2.621646821498870850e-01 9.546121358871459961e-01 -9.210160970687866211e-01
0.000000000000000000e+00 0.000000000000000000e+00 0.000000000000000000e+00 1.000000000000000000e+00
9.684263467788696289e-01 -2.128874808549880981e-01 -1.297281533479690552e-01 -6.756971031427383423e-02
1.468109190464019775e-01 9.075706005096435547e-01 -3.933982849121093750e-01 1.354519128799438477e-01
2.014870345592498779e-01 3.619317412376403809e-01 9.101694822311401367e-01 -8.997718095779418945e-01
0.000000000000000000e+00 0.000000000000000000e+00 0.000000000000000000e+00 1.000000000000000000e+00
9.520118236541748047e-01 -2.826589643955230713e-01 -1.173769459128379822e-01 -6.455243378877639771e-02
1.894342601299285889e-01 8.454070687294006348e-01 -4.994010627269744873e-01 2.268934398889541626e-01
2.403915375471115112e-01 4.532004594802856445e-01 8.583828210830688477e-01 -8.680412173271179199e-01
0.000000000000000000e+00 0.000000000000000000e+00 0.000000000000000000e+00 1.000000000000000000e+00
9.378634095191955566e-01 -3.433045148849487305e-01 -5.053839832544326782e-02 -1.618471890687942505e-01
2.829220592975616455e-01 8.408386707305908203e-01 -4.614600539207458496e-01 1.858359128236770630e-01
2.009160071611404419e-01 4.184880256652832031e-01 8.857203125953674316e-01 -8.914533853530883789e-01
0.000000000000000000e+00 0.000000000000000000e+00 0.000000000000000000e+00 1.000000000000000000e+00
9.314614534378051758e-01 -3.632726371288299561e-01 -2.030533552169799805e-02 -2.093336731195449829e-01
3.287637233734130859e-01 8.642600178718566895e-01 -3.807475864887237549e-01 1.072520688176155090e-01
1.558644026517868042e-01 3.479760587215423584e-01 9.244559407234191895e-01 -9.226741194725036621e-01
0.000000000000000000e+00 0.000000000000000000e+00 0.000000000000000000e+00 1.000000000000000000e+00
9.224675297737121582e-01 -3.857289850711822510e-01 1.632704213261604309e-02 -2.679728269577026367e-01
3.737841248512268066e-01 8.817173242568969727e-01 -2.878536283969879150e-01 1.665578968822956085e-02
9.663776308298110962e-02 2.716383934020996094e-01 9.575352072715759277e-01 -9.488330483436584473e-01
0.000000000000000000e+00 0.000000000000000000e+00 0.000000000000000000e+00 1.000000000000000000e+00
9.122524261474609375e-01 -4.062111973762512207e-01 5.280055850744247437e-02 -3.349174261093139648e-01
4.078378975391387939e-01 8.886492848396301270e-01 -2.096916884183883667e-01 -5.603133141994476318e-02
3.825797885656356812e-02 2.128258496522903442e-01 9.763408303260803223e-01 -9.724740982055664062e-01
0.000000000000000000e+00 0.000000000000000000e+00 0.000000000000000000e+00 1.000000000000000000e+00
8.985437154769897461e-01 -4.325625300407409668e-01 7.422124594449996948e-02 -3.756030797958374023e-01
4.388829171657562256e-01 8.859578967094421387e-01 -1.498673558235168457e-01 -1.137247830629348755e-01
-9.298538789153099060e-04 1.672368198633193970e-01 9.859163165092468262e-01 -9.864835739135742188e-01
0.000000000000000000e+00 0.000000000000000000e+00 0.000000000000000000e+00 1.000000000000000000e+00
8.876009583473205566e-01 -4.527782797813415527e-01 8.459495753049850464e-02 -3.974490165710449219e-01
4.591257274150848389e-01 8.844333291053771973e-01 -8.355359733104705811e-02 -1.796907931566238403e-01
-3.698731586337089539e-02 1.130019873380661011e-01 9.929060935974121094e-01 -9.899730682373046875e-01
0.000000000000000000e+00 0.000000000000000000e+00 0.000000000000000000e+00 1.000000000000000000e+00
7.020646929740905762e-01 -6.243907809257507324e-01 3.424046933650970459e-01 -5.887367129325866699e-01
6.841904520988464355e-01 7.247670888900756836e-01 -8.121384680271148682e-02 -2.452862411737442017e-01
-1.974544078111648560e-01 2.912875413894653320e-01 9.360358715057373047e-01 -9.204630255699157715e-01
0.000000000000000000e+00 0.000000000000000000e+00 0.000000000000000000e+00 1.000000000000000000e+00
8.192721009254455566e-01 -4.687519669532775879e-01 3.302492499351501465e-01 -6.617428660392761230e-01
5.392733812332153320e-01 8.256203532218933105e-01 -1.659365445375442505e-01 -1.153754144906997681e-01
-1.948772966861724854e-01 3.140419125556945801e-01 9.291933774948120117e-01 -9.238857030868530273e-01
0.000000000000000000e+00 0.000000000000000000e+00 0.000000000000000000e+00 1.000000000000000000e+00
9.131141304969787598e-01 -3.467569947242736816e-01 2.144341766834259033e-01 -6.395034790039062500e-01
3.720656037330627441e-01 9.237820506095886230e-01 -9.051954001188278198e-02 -1.121518760919570923e-01
-1.667021214962005615e-01 1.624383032321929932e-01 9.725348949432373047e-01 -1.013359427452087402e+00
0.000000000000000000e+00 0.000000000000000000e+00 0.000000000000000000e+00 1.000000000000000000e+00
9.548472166061401367e-01 -2.729714512825012207e-01 1.172744408249855042e-01 -5.748578310012817383e-01
2.868426740169525146e-01 9.498410820960998535e-01 -1.245918795466423035e-01 -3.390173614025115967e-02
-7.738201320171356201e-02 1.526055335998535156e-01 9.852530360221862793e-01 -1.067606210708618164e+00
0.000000000000000000e+00 0.000000000000000000e+00 0.000000000000000000e+00 1.000000000000000000e+00
