1.000000000000000000e+00 0.000000000000000000e+00 0.000000000000000000e+00 -2.246657013893127441e-01
0.000000000000000000e+00 1.000000000000000000e+00 0.000000000000000000e+00 -1.996245533227920532e-01
0.000000000000000000e+00 0.000000000000000000e+00 1.000000000000000000e+00 -9.186304211616516113e-01
0.000000000000000000e+00 0.000000000000000000e+00 0.000000000000000000e+00 1.000000000000000000e+00
9.993719458580017090e-01 -3.105932101607322693e-02 -1.705953851342201233e-02 -2.059198766946792603e-01
2.970887348055839539e-02 9.967857003211975098e-01 -7.440212368965148926e-02 -1.390636265277862549e-01
1.931559294462203979e-02 7.384857535362243652e-02 9.970823526382446289e-01 -9.225191473960876465e-01
0.000000000000000000e+00 0.000000000000000000e+00 0.000000000000000000e+00 1.000000000000000000e+00
9.958792328834533691e-01 -6.651805341243743896e-02 -6.164295598864555359e-02 -1.579447537660598755e-01
5.623413622379302979e-02 9.862023591995239258e-01 -1.556996703147888184e-01 -6.853678822517395020e-02
7.114934176206588745e-02 1.515916138887405396e-01 9.858790636062622070e-01 -9.270982146263122559e-01
0.000000000000000000e+00 0.000000000000000000e+00 0.000000000000000000e+00 1.000000000000000000e+00
9.861161708831787109e-01 -1.335384547710418701e-01 -9.870329499244689941e-02 -1.109264492988586426e-01
1.007876396179199219e-01 9.537047743797302246e-01 -2.833532691001892090e-01 4.154666885733604431e-02
1.319724023342132568e-01 2.694711685180664062e-01 9.539226889610290527e-01 -9.198747277259826660e-01
0.000000000000000000e+00 0.000000000000000000e+00 0.000000000000000000e+00 1.000000000000000000e+00
9.688050746917724609e-01 -2.150516659021377563e-01 -1.231639683246612549e-01 -7.329253852367401123e-02
1.480067074298858643e-01 9.006984829902648926e-01 -4.084558188915252686e-01 1.486490070819854736e-01
1.987727284431457520e-01 3.774850368499755859e-01 9.044303894042968750e-01 -8.975305557250976562e-01
0.000000000000000000e+00 0.000000000000000000e+00 0.000000000000000000e+00 1.000000000000000000e+00
9.536659717559814453e-01 -2.804875969886779785e-01 -1.088478192687034607e-01 -7.285033166408538818e-02
1.886163502931594849e-01 8.392248153686523438e-01 -5.100248456001281738e-01 2.366659343242645264e-01
2.344034761190414429e-01 4.658629000186920166e-01 8.532447814941406250e-01 -8.647528886795043945e-01
0.000000000000000000e+00 0.000000000000000000e+00 0.000000000000000000e+00 1.000000000000000000e+00
9.377195239067077637e-01 -3.435175120830535889e-01 -5.174757540225982666e-02 -1.609190255403518677e-01
2.788093388080596924e-01 8.330562710762023926e-01 -4.777891337871551514e-01 2.013700306415557861e-01
2.072376012802124023e-01 4.336044490337371826e-01 8.769490122795104980e-01 -8.881857395172119141e-01
0.000000000000000000e+00 0.000000000000000000e+00 0.000000000000000000e+00 1.000000000000000000e+00
9.313260912895202637e-01 -3.635183572769165039e-01 -2.204578742384910583e-02 -2.077591121196746826e-01
3.262038230895996094e-01 8.595811128616333008e-01 -3.933334350585937500e-01 1.186423450708389282e-01
1.619341671466827393e-01 3.591302633285522461e-01 9.191314578056335449e-01 -9.214600920677185059e-01
0.000000000000000000e+00 0.000000000000000000e+00 0.000000000000000000e+00 1.000000000000000000e+00
9.200215339660644531e-01 -3.916614651679992676e-01 1.271397154778242111e-02 -2.629917562007904053e-01
3.772512674331665039e-01 8.764603734016418457e-01 -2.991631329059600830e-01 2.482658252120018005e-02
1.060274317860603333e-01 2.800328433513641357e-01 9.541172385215759277e-01 -9.504212141036987305e-01
0.000000000000000000e+00 0.000000000000000000e+00 0.000000000000000000e+00 1.000000000000000000e+00
9.131606817245483398e-01 -4.053195714950561523e-01 4.305279999971389771e-02 -3.263721764087677002e-01
4.021179676055908203e-01 8.785756230354309082e-01 -2.576933205127716064e-01 -9.146665222942829132e-03
6.662308424711227417e-02 2.526277005672454834e-01 9.652670621871948242e-01 -9.781466126441955566e-01
0.000000000000000000e+00 0.000000000000000000e+00 0.000000000000000000e+00 1.000000000000000000e+00
8.963177204132080078e-01 -4.390950798988342285e-01 6.172414869070053101e-02 -3.615514934062957764e-01
4.422805905342102051e-01 8.753875494003295898e-01 -1.951520442962646484e-01 -7.147440314292907715e-02
3.165782988071441650e-02 2.022176384925842285e-01 9.788287878036499023e-01 -9.961680173873901367e-01
0.000000000000000000e+00 0.000000000000000000e+00 0.000000000000000000e+00 1.000000000000000000e+00
8.873706459999084473e-01 -4.534146487712860107e-01 8.359655737876892090e-02 -3.948317766189575195e-01
4.606829583644866943e-01 8.792538046836853027e-01 -1.211770400404930115e-01 -1.440129727125167847e-01
-1.855912059545516968e-02 1.460404694080352783e-01 9.891045093536376953e-01 -9.958178400993347168e-01
0.000000000000000000e+00 0.000000000000000000e+00 0.000000000000000000e+00 1.000000000000000000e+00
7.701275944709777832e-01 -5.552332997322082520e-01 3.140368461608886719e-01 -5.897679924964904785e-01
6.148956418037414551e-01 7.771616578102111816e-01 -1.338760852813720703e-01 -1.717259734869003296e-01
-1.697248667478561401e-01 2.962016463279724121e-01 9.399244785308837891e-01 -9.325716495513916016e-01
0.000000000000000000e+00 0.000000000000000000e+00 0.000000000000000000e+00 1.000000000000000000e+00
8.269648551940917969e-01 -4.546349644660949707e-01 3.308112323284149170e-01 -6.651101112365722656e-01
5.289537310600280762e-01 8.285519480705261230e-01 -1.836014837026596069e-01 -9.674264490604400635e-02
-1.906225830316543579e-01 3.268158435821533203e-01 9.256643056869506836e-01 -9.224871397018432617e-01
0.000000000000000000e+00 0.000000000000000000e+00 0.000000000000000000e+00 1.000000000000000000e+00
9.144771695137023926e-01 -3.795616030693054199e-01 1.402300000190734863e-01 -5.643790364265441895e-01
4.015122652053833008e-01 8.941694498062133789e-01 -1.981131285429000854e-01 -1.739371381700038910e-02
-5.019323155283927917e-02 2.374740093946456909e-01 9.700962305068969727e-01 -1.055697679519653320e+00
0.000000000000000000e+00 0.000000000000000000e+00 0.000000000000000000e+00 1.000000000000000000e+00
9.490594863891601562e-01 -3.053972125053405762e-01 7.757937908172607422e-02 -5.313385725021362305e-01
3.149324059486389160e-01 9.114121198654174805e-01 -2.648496031761169434e-01 9.600319713354110718e-02
1.017763931304216385e-02 2.757902741432189941e-01 9.611638784408569336e-01 -1.078468203544616699e+00
0.000000000000000000e+00 0.000000000000000000e+00 0.000000000000000000e+00 1.000000000000000000e+00
