1 0 0 -0.2246657013893127 
0 1 0 -0.1996245533227921 
0 0 1 -0.9186304211616516 
0 0 0 1 

0.9992488026618958 -0.03506527468562126 -0.01649953611195087 -0.2056408673524857 
0.03383809700608253 0.9970043301582336 -0.06955067813396454 -0.1443114876747131 
0.018888920545578 0.06894011795520782 0.9974419474601746 -0.9217464923858643 
0 0 0 1 

0.9962644577026367 -0.06358601897954941 -0.05842887610197067 -0.1615742594003677 
0.05399371683597565 0.9867231249809265 -0.1531726568937302 -0.07043644040822983 
0.06739284098148346 0.149445652961731 0.9864704608917236 -0.9264886379241943 
0 0 0 1 

0.9864698052406311 -0.1313097178936005 -0.09815812855958939 -0.1120224446058273 
0.09909480810165405 0.9545589685440063 -0.2810648083686829 0.03973142802715302 
0.1306042969226837 0.2675349712371826 0.954655647277832 -0.9199845194816589 
0 0 0 1 

0.9690487384796143 -0.2149718701839447 -0.1213736459612846 -0.07492593675851822 
0.149471640586853 0.9022088646888733 -0.4045704901218414 0.144737109541893 
0.1964756846427917 0.373906672000885 0.9064165353775024 -0.898212194442749 
0 0 0 1 

0.9378963112831116 -0.3433375060558319 -0.04969705268740654 -0.1628338843584061 
0.280479371547699 0.8347686529159546 -0.4738063514232635 0.1971733123064041 
0.2041610479354858 0.430442214012146 0.8792255520820618 -0.8887386918067932 
0 0 0 1 

0.9307025074958801 -0.3651521801948547 -0.02136671915650368 -0.2080263197422028 
0.3287853598594666 0.860749363899231 -0.3886007368564606 0.1137951239943504 
0.1602898985147476 0.354646623134613 0.9211583733558655 -0.9220245480537415 
0 0 0 1 

0.9186776280403137 -0.3948143124580383 0.01236777286976576 -0.2619383335113525 
0.3805029988288879 0.8761025071144104 -0.2960772514343262 0.02135050483047962 
0.1060601621866226 0.2767055034637451 0.9550838470458984 -0.950701117515564 
0 0 0 1 

0.9139009118080139 -0.4034528136253357 0.04484343528747559 -0.3286781907081604 
0.4009054899215698 0.8797089457511902 -0.2557085752487183 -0.01044714637100697 
0.06371721625328064 0.2516703009605408 0.9657132625579834 -0.9774945378303528 
0 0 0 1 

0.9508774876594543 -0.2862018346786499 0.1179836019873619 -0.5713153481483459 
0.3003216981887817 0.9453023672103882 -0.1273204386234283 0.07509307563304901 
-0.07509100437164307 0.1564994305372238 0.9848194718360901 -1.065715074539185 
0 0 0 1 

