1.000000000000000000e+00 0.000000000000000000e+00 0.000000000000000000e+00 -1.724681335448287500e+00
0.000000000000000000e+00 -1.000000000000000000e+00 0.000000000000000000e+00 -1.637983189942774365e+00
0.000000000000000000e+00 0.000000000000000000e+00 -1.000000000000000000e+00 -7.092073492565295290e+00
0.000000000000000000e+00 0.000000000000000000e+00 0.000000000000000000e+00 1.000000000000000000e+00
9.996211528778076172e-01 2.467252500355243683e-02 1.219847239553928375e-02 -1.623535560980471582e+00
2.350700460374355316e-02 -9.958529472351074219e-01 8.788844943046569824e-02 -1.047743634122136669e+00
1.431631669402122498e-02 -8.756840229034423828e-02 -9.960556030273437500e-01 -7.121496088403829638e+00
0.000000000000000000e+00 0.000000000000000000e+00 0.000000000000000000e+00 1.000000000000000000e+00
9.941797256469726562e-01 8.040984719991683960e-02 7.170076668262481689e-02 -1.114795329457665352e+00
6.775129586458206177e-02 -9.840958118438720703e-01 1.642109602689743042e-01 -5.654746446848560870e-01
8.376459032297134399e-02 -1.583973914384841919e-01 -9.838159680366516113e-01 -7.167042537001752756e+00
0.000000000000000000e+00 0.000000000000000000e+00 0.000000000000000000e+00 1.000000000000000000e+00
9.830809831619262695e-01 1.493560522794723511e-01 1.060404330492019653e-01 -7.669422102872864855e-01
1.126967817544937134e-01 -9.495573043823242188e-01 2.926434874534606934e-01 2.913425558511196223e-01
1.443995833396911621e-01 -2.757418155670166016e-01 -9.503237009048461914e-01 -7.098692071466413900e+00
0.000000000000000000e+00 0.000000000000000000e+00 0.000000000000000000e+00 1.000000000000000000e+00
9.642019867897033691e-01 2.308612614870071411e-01 1.304513216018676758e-01 -4.755407870926598446e-01
1.596873253583908081e-01 -8.982744812965393066e-01 4.093931019306182861e-01 1.057969985446500116e+00
2.116941958665847778e-01 -3.739061653614044189e-01 -9.029836654663085938e-01 -6.926554328634693114e+00
0.000000000000000000e+00 0.000000000000000000e+00 0.000000000000000000e+00 1.000000000000000000e+00
9.477538466453552246e-01 2.982776463031768799e-01 1.131063327193260193e-01 -4.877239864152790316e-01
1.998920142650604248e-01 -8.316153883934020996e-01 5.181301832199096680e-01 1.789250683238106099e+00
2.486076653003692627e-01 -4.684507846832275391e-01 -8.477900624275207520e-01 -6.659515052862832185e+00
0.000000000000000000e+00 0.000000000000000000e+00 0.000000000000000000e+00 1.000000000000000000e+00
9.307570457458496094e-01 3.619657456874847412e-01 5.169141292572021484e-02 -1.195683454351557540e+00
2.943266332149505615e-01 -8.255833983421325684e-01 4.814391434192657471e-01 1.475163013458359762e+00
2.169401645660400391e-01 -4.328887164592742920e-01 -8.749538064002990723e-01 -6.856832901300726313e+00
0.000000000000000000e+00 0.000000000000000000e+00 0.000000000000000000e+00 1.000000000000000000e+00
