1.000000000000000000e+00 0.000000000000000000e+00 0.000000000000000000e+00 -1.724681335448287500e+00
0.000000000000000000e+00 -1.000000000000000000e+00 0.000000000000000000e+00 -1.637983189942774365e+00
0.000000000000000000e+00 0.000000000000000000e+00 -1.000000000000000000e+00 -7.092073492565295290e+00
0.000000000000000000e+00 0.000000000000000000e+00 0.000000000000000000e+00 1.000000000000000000e+00
9.994416832923889160e-01 2.811782434582710266e-02 1.804734393954277039e-02 -1.579813346415133823e+00
2.667706832289695740e-02 -9.967784285545349121e-01 7.563851028680801392e-02 -1.162020573075124297e+00
2.011598087847232819e-02 -7.511483877897262573e-02 -9.969719648361206055e-01 -7.129185975368174333e+00
0.000000000000000000e+00 0.000000000000000000e+00 0.000000000000000000e+00 1.000000000000000000e+00
9.961956143379211426e-01 6.059795245528221130e-02 6.262668222188949585e-02 -1.215219315288288637e+00
5.001282319426536560e-02 -9.860777258872985840e-01 1.585850566625595093e-01 -6.047238550965710058e-01
7.136476784944534302e-02 -1.548495739698410034e-01 -9.853570461273193359e-01 -7.164469283528566379e+00
0.000000000000000000e+00 0.000000000000000000e+00 0.000000000000000000e+00 1.000000000000000000e+00
9.863154888153076172e-01 1.308941841125488281e-01 1.002422049641609192e-01 -8.439703400734935856e-01
9.659913182258605957e-02 -9.515243172645568848e-01 2.920102775096893311e-01 2.816224229111004562e-01
1.336053758859634399e-01 -2.783309519290924072e-01 -9.511474370956420898e-01 -7.104344588784993419e+00
0.000000000000000000e+00 0.000000000000000000e+00 0.000000000000000000e+00 1.000000000000000000e+00
9.693831205368041992e-01 2.114175707101821899e-01 1.248958036303520203e-01 -5.543601177638576294e-01
1.425344496965408325e-01 -8.986393809318542480e-01 4.148867130279541016e-01 1.094815675314714909e+00
1.999506801366806030e-01 -3.843821883201599121e-01 -9.012601971626281738e-01 -6.925797840830287377e+00
0.000000000000000000e+00 0.000000000000000000e+00 0.000000000000000000e+00 1.000000000000000000e+00
9.555203318595886230e-01 2.746294140815734863e-01 1.075151562690734863e-01 -5.763159583689341225e-01
1.833116263151168823e-01 -8.386150002479553223e-01 5.129538178443908691e-01 1.749038140069087754e+00
2.310360819101333618e-01 -4.704290330410003662e-01 -8.516564369201660156e-01 -6.671594039785906816e+00
0.000000000000000000e+00 0.000000000000000000e+00 0.000000000000000000e+00 1.000000000000000000e+00
9.405002593994140625e-01 3.359791934490203857e-01 5.076658353209495544e-02 -1.256956898346109019e+00
2.716353833675384521e-01 -8.331700563430786133e-01 4.817071855068206787e-01 1.487707107099575099e+00
2.041408419609069824e-01 -4.392556846141815186e-01 -8.748604655265808105e-01 -6.848644357430075935e+00
0.000000000000000000e+00 0.000000000000000000e+00 0.000000000000000000e+00 1.000000000000000000e+00
9.340510368347167969e-01 3.564646244049072266e-01 2.194230258464813232e-02 -1.611848261014446226e+00
3.187437057495117188e-01 -8.597705364227294922e-01 3.989947140216827393e-01 8.655866573208470527e-01
1.610929816961288452e-01 -3.656874597072601318e-01 -9.166905879974365234e-01 -7.108362798307421571e+00
0.000000000000000000e+00 0.000000000000000000e+00 0.000000000000000000e+00 1.000000000000000000e+00
9.233561158180236816e-01 3.836937844753265381e-01 -1.387176755815744400e-02 -2.047843182147948582e+00
3.689311444759368896e-01 -8.766666054725646973e-01 3.087803721427917480e-01 1.747355448401978206e-01
1.063162758946418762e-01 -2.902319431304931641e-01 -9.510321617126464844e-01 -7.333411026243741304e+00
0.000000000000000000e+00 0.000000000000000000e+00 0.000000000000000000e+00 1.000000000000000000e+00
9.073953628540039062e-01 4.176039993762969971e-01 -4.733425006270408630e-02 -2.513732355018692299e+00
4.172587692737579346e-01 -8.816688656806945801e-01 2.203520387411117554e-01 -5.056448641381178222e-01
5.028678849339485168e-02 -2.196970432996749878e-01 -9.742712378501892090e-01 -7.542848305667157582e+00
0.000000000000000000e+00 0.000000000000000000e+00 0.000000000000000000e+00 1.000000000000000000e+00
9.014596343040466309e-01 4.269201457500457764e-01 -7.148198038339614868e-02 -2.884065766280053733e+00
4.328576624393463135e-01 -8.899009823799133301e-01 1.439114212989807129e-01 -1.038349121843977318e+00
-2.173203742131590843e-03 -1.606718599796295166e-01 -9.870054721832275391e-01 -7.612309604144932074e+00
0.000000000000000000e+00 0.000000000000000000e+00 0.000000000000000000e+00 1.000000000000000000e+00
8.932191133499145508e-01 4.316900670528411865e-01 -1.257110983133316040e-01 -3.411286291689306971e+00
4.418258368968963623e-01 -8.945657610893249512e-01 6.739368289709091187e-02 -1.586587748609270543e+00
-8.336365222930908203e-02 -1.157397553324699402e-01 -9.897751212120056152e-01 -7.486396667140358119e+00
0.000000000000000000e+00 0.000000000000000000e+00 0.000000000000000000e+00 1.000000000000000000e+00
