1 0 0 -0.2246657013893127 
0 1 0 -0.1996245533227921 
0 0 1 -0.9186304211616516 
0 0 0 1 

0.9993829727172852 -0.03009660728275776 -0.01810548454523087 -0.2051410526037216 
0.02874610386788845 0.9970819354057312 -0.07071962952613831 -0.1424445062875748 
0.0201810784637928 0.07015553116798401 0.9973319172859192 -0.922247588634491 
0 0 0 1 

0.9312629103660583 -0.3634588420391083 -0.02543654106557369 -0.2048103511333466 
0.3254781663417816 0.8612595200538635 -0.3902510404586792 0.1155813559889793 
0.1637477278709412 0.3551472425460815 0.9203569889068604 -0.9225834608078003 
0 0 0 1 

0.9199074506759644 -0.3919905126094818 0.01065955497324467 -0.2610819339752197 
0.3770729601383209 0.8767840266227722 -0.29843869805336 0.02392378076910973 
0.1076390743255615 0.2785554230213165 0.9543692469596863 -0.9509804248809814 
0 0 0 1 

0.9139270782470703 -0.4037677347660065 0.04133855924010277 -0.3251159191131592 
0.400196760892868 0.879465639591217 -0.2576482594013214 -0.008576930500566959 
0.06767424941062927 0.2520152628421783 0.9653540849685669 -0.9785656929016113 
0 0 0 1 

0.8996480703353882 -0.432275652885437 0.06140846386551857 -0.3631785809993744 
0.4356319308280945 0.8792625069618225 -0.1926709711551666 -0.07173831760883331 
0.02929285541176796 0.2000875473022461 0.9793400168418884 -0.9955075979232788 
0 0 0 1 

0.894187867641449 -0.4390313625335693 0.0876319631934166 -0.4031062424182892 
0.4469045400619507 0.8869510293006897 -0.1165934056043625 -0.1441664844751358 
-0.02653705328702927 0.143419548869133 0.9893060922622681 -0.9924357533454895 
0 0 0 1 

0.8260092735290527 -0.4949817657470703 0.2696322202682495 -0.573274552822113 
0.5406020879745483 0.8311126828193665 -0.1303875595331192 -0.1533321291208267 
-0.1595552265644073 0.2534651458263397 0.9540951251983643 -0.9460261464118958 
0 0 0 1 

0.8334243893623352 -0.4455871880054474 0.3268878161907196 -0.6647160649299622 
0.5115694403648376 0.8458077311515808 -0.1513464599847794 -0.1225000023841858 
-0.2090461105108261 0.2933617532253265 0.9328657388687134 -0.9212741255760193 
0 0 0 1 

0.9147784113883972 -0.3841696977615356 0.124876007437706 -0.5375007390975952 
0.4022155404090881 0.8948880434036255 -0.1933855414390564 -0.02829292789101601 
-0.03745714575052261 0.2271319925785065 0.9731433391571045 -1.043414235115051 
0 0 0 1 

