1 0 0 -0.2246657013893127 
0 1 0 -0.1996245533227921 
0 0 1 -0.9186304211616516 
0 0 0 1 

0.9992488026618958 -0.03506527096033096 -0.01649953424930573 -0.2056403756141663 
0.03383809328079224 0.9970043301582336 -0.06955067813396454 -0.1443119645118713 
0.01888891868293285 0.06894011795520782 0.9974419474601746 -0.9217477440834045 
0 0 0 1 

0.9962644577026367 -0.06358595192432404 -0.05842884629964828 -0.1615739315748215 
0.05399369448423386 0.9867232441902161 -0.1531725525856018 -0.07043624669313431 
0.06739275902509689 0.1494455635547638 0.9864705204963684 -0.9264892339706421 
0 0 0 1 

0.9864698052406311 -0.1313096880912781 -0.09815812855958939 -0.112022265791893 
0.09909480065107346 0.9545589089393616 -0.2810647785663605 0.03973151370882988 
0.1306042671203613 0.2675349414348602 0.9546557068824768 -0.9199849963188171 
0 0 0 1 

0.969048798084259 -0.2149718552827835 -0.1213736459612846 -0.07492581009864807 
0.1494716256856918 0.9022088646888733 -0.4045705199241638 0.1447372138500214 
0.1964756697416306 0.3739066123962402 0.9064165949821472 -0.8982123136520386 
0 0 0 1 

0.953762412071228 -0.2814265191555023 -0.1055284813046455 -0.07556363940238953 
0.1915024369955063 0.839611828327179 -0.5083094835281372 0.2344351410865784 
0.2316547781229019 0.4645975530147552 0.8546841740608215 -0.8653176426887512 
0 0 0 1 

0.9378963708877563 -0.3433374166488647 -0.04969701543450356 -0.162833958864212 
0.2804793119430542 0.8347687125205994 -0.4738062620162964 0.1971733421087265 
0.2041610181331635 0.4304421544075012 0.8792256116867065 -0.8887385129928589 
0 0 0 1 

0.9307025671005249 -0.3651521503925323 -0.02136671170592308 -0.2080262154340744 
0.3287853300571442 0.860749363899231 -0.3886007368564606 0.1137952506542206 
0.1602898836135864 0.3546465933322906 0.9211584329605103 -0.922024667263031 
0 0 0 1 

0.9186776876449585 -0.3948141634464264 0.01236775889992714 -0.2619384229183197 
0.380502849817276 0.8761025667190552 -0.296077162027359 0.02135055884718895 
0.106060117483139 0.276705414056778 0.9550839066505432 -0.950701117515564 
0 0 0 1 

0.8563421368598938 -0.1125213205814362 -0.5040009021759033 0.09575545787811279 
0.037453293800354 0.9869353771209717 -0.1567028909921646 0.206083357334137 
0.5150487422943115 0.1153148859739304 0.8493688702583313 -1.135629415512085 
0 0 0 1 

