1 0 0 -0.2246657013893127 
0 1 0 -0.1996245533227921 
0 0 1 -0.9186304211616516 
0 0 0 1 

0.9992488026618958 -0.03506526723504066 -0.01649953611195087 -0.2056399136781693 
0.03383808955550194 0.9970043301582336 -0.06955067813396454 -0.1443124115467072 
0.01888891868293285 0.06894011795520782 0.9974419474601746 -0.9217489957809448 
0 0 0 1 

0.9962644577026367 -0.06358588486909866 -0.05842877551913261 -0.1615738123655319 
0.05399363115429878 0.9867232441902161 -0.1531723886728287 -0.07043574750423431 
0.06739269196987152 0.1494453996419907 0.9864705204963684 -0.926488995552063 
0 0 0 1 

0.9864698052406311 -0.1313096880912781 -0.09815812110900879 -0.1120220571756363 
0.09909479320049286 0.9545589089393616 -0.2810647785663605 0.03973159566521645 
0.1306042522192001 0.2675349414348602 0.9546557068824768 -0.9199854135513306 
0 0 0 1 

0.969048798084259 -0.2149718254804611 -0.121373638510704 -0.07492566853761673 
0.1494716256856918 0.9022089242935181 -0.404570460319519 0.1447373032569885 
0.1964756548404694 0.3739066123962402 0.906416654586792 -0.8982124924659729 
0 0 0 1 

0.9537624716758728 -0.2814263701438904 -0.1055284515023232 -0.07556361705064774 
0.1915024071931839 0.8396120071411133 -0.5083093047142029 0.2344352900981903 
0.2316546589136124 0.4645973742008209 0.8546842932701111 -0.8653176426887512 
0 0 0 1 

0.9378963708877563 -0.3433373272418976 -0.04969704151153564 -0.1628339439630508 
0.2804792821407318 0.8347688317298889 -0.4738061428070068 0.1971734315156937 
0.2041609287261963 0.4304420351982117 0.8792257308959961 -0.8887384533882141 
0 0 0 1 

0.9307025671005249 -0.3651520311832428 -0.02136672474443913 -0.2080262005329132 
0.3287852108478546 0.8607494235038757 -0.3886005878448486 0.1137953773140907 
0.1602898240089417 0.3546465039253235 0.9211584329605103 -0.9220245480537415 
0 0 0 1 

0.9186777472496033 -0.3948140144348145 0.01236774027347565 -0.2619384229183197 
0.3805027604103088 0.8761026263237 -0.2960770428180695 0.02135062962770462 
0.1060600727796555 0.2767053544521332 0.955083966255188 -0.9507012367248535 
0 0 0 1 

0.8563428521156311 -0.1125209778547287 -0.5039997100830078 0.09575634449720383 
0.037453293800354 0.9869354367256165 -0.156702533364296 0.2060837745666504 
0.5150474905967712 0.1153146177530289 0.8493694067001343 -1.135628223419189 
0 0 0 1 

