1 0 0 -0.2246657013893127 
0 1 0 -0.1996245533227921 
0 0 1 -0.9186304211616516 
0 0 0 1 

0.9996211528778076 -0.02467268332839012 -0.01219854131340981 -0.2115490585565567 
0.02350714802742004 0.9958528876304626 -0.08788899332284927 -0.1230749636888504 
0.01431641541421413 0.08756894618272781 0.996055543422699 -0.9224420785903931 
0 0 0 1 

0.9941797256469727 -0.08040986955165863 -0.07170076668262482 -0.1455701738595963 
0.06775131821632385 0.9840958118438721 -0.1642109602689743 -0.06052958592772484 
0.08376459032297134 0.1583973914384842 0.9838159680366516 -0.9283506274223328 
0 0 0 1 

0.9830809235572815 -0.1493563205003738 -0.1060405820608139 -0.1004569455981255 
0.1126969307661057 0.9495571851730347 -0.2926439642906189 0.05059023201465607 
0.1443998366594315 0.27574223279953 0.9503235220909119 -0.9194873571395874 
0 0 0 1 

0.9642019271850586 -0.2308613955974579 -0.1304513663053513 -0.06266456097364426 
0.1596874296665192 0.8982744216918945 -0.4093932807445526 0.1500143259763718 
0.2116943001747131 0.3739063441753387 0.9029836058616638 -0.8971635699272156 
0 0 0 1 

0.9477537870407104 -0.2982777655124664 -0.1131063103675842 -0.06424452364444733 
0.199892058968544 0.8316152691841125 -0.5181303024291992 0.2448543459177017 
0.2486077696084976 0.4684508740901947 0.8477899432182312 -0.8625313639640808 
0 0 0 1 

0.9370963573455811 -0.3441251814365387 -0.05855221301317215 -0.1379363536834717 
0.2606199979782104 0.8013224601745605 -0.5384792685508728 0.2603212296962738 
0.2322234809398651 0.4893471300601959 0.8406022191047668 -0.857792854309082 
0 0 0 1 

