1 0 0 -0.2246657013893127 
0 1 0 -0.1996245533227921 
0 0 1 -0.9186304211616516 
0 0 0 1 

0.9996211528778076 -0.0246726255863905 -0.01219852827489376 -0.2115486115217209 
0.02350710518658161 0.9958529472351074 -0.08788880705833435 -0.1230756044387817 
0.0143163725733757 0.08756875991821289 0.9960556030273438 -0.9224440455436707 
0 0 0 1 

0.9941797256469727 -0.08040986210107803 -0.07170076668262482 -0.1455698907375336 
0.06775131076574326 0.9840958118438721 -0.1642109602689743 -0.06052986532449722 
0.08376459032297134 0.1583973914384842 0.9838159680366516 -0.9283514618873596 
0 0 0 1 

0.9830809235572815 -0.1493562161922455 -0.1060405150055885 -0.100456602871418 
0.1126968786120415 0.9495572447776794 -0.292643815279007 0.05059034377336502 
0.1443997472524643 0.2757420837879181 0.9503235816955566 -0.9194880127906799 
0 0 0 1 

0.9642019271850586 -0.2308613806962967 -0.1304513812065125 -0.06266450881958008 
0.159687414765358 0.8982744216918945 -0.4093932807445526 0.1500144600868225 
0.2116943001747131 0.3739063441753387 0.9029836058616638 -0.8971635699272156 
0 0 0 1 

0.9477538466453552 -0.2982776463031769 -0.1131063103675842 -0.06424440443515778 
0.1998920291662216 0.8316153883934021 -0.5181301832199097 0.2448545545339584 
0.2486076802015305 0.4684507846832275 0.8477900624275208 -0.8625314831733704 
0 0 0 1 

0.9346557259559631 -0.3503670692443848 -0.06051025539636612 -0.1347177922725677 
0.2683203816413879 0.8067156672477722 -0.5265108346939087 0.2476800680160522 
0.2332867980003357 0.4758701622486115 0.8480120897293091 -0.8620489239692688 
0 0 0 1 

