1 0 0 -0.2246657013893127 
0 1 0 -0.1996245533227921 
0 0 1 -0.9186304211616516 
0 0 0 1 

0.9989140033721924 -0.04117340967059135 -0.02180861122906208 -0.1993352472782135 
0.03932800889015198 0.9960840344429016 -0.0791824534535408 -0.1366834342479706 
0.02498344331979752 0.07823875546455383 0.9966214895248413 -0.9243602156639099 
0 0 0 1 

0.9939906597137451 -0.08419176936149597 -0.06995942443609238 -0.1463258862495422 
0.07279333472251892 0.9857004284858704 -0.1519729942083359 -0.07490476220846176 
0.0817539319396019 0.1459671556949615 0.985905647277832 -0.9281392693519592 
0 0 0 1 

0.9824137091636658 -0.153743177652359 -0.1059542372822762 -0.09954316914081573 
0.1183073073625565 0.9515593647956848 -0.283792108297348 0.03892858698964119 
0.1444529145956039 0.2662660479545593 0.9530138969421387 -0.9209897518157959 
0 0 0 1 

0.9641686081886292 -0.2322036027908325 -0.1282976567745209 -0.0643700510263443 
0.1618469506502151 0.8980420231819153 -0.4090548753738403 0.1469760090112686 
0.2102008014917374 0.3736332952976227 0.9034454822540283 -0.8982517719268799 
0 0 0 1 

0.949637234210968 -0.2943118512630463 -0.1075614541769028 -0.07024044543504715 
0.201096698641777 0.835659921169281 -0.5111088156700134 0.2357599437236786 
0.2403103113174438 0.4637377262115479 0.8527590036392212 -0.8651164770126343 
0 0 0 1 

0.9324689507484436 -0.3575175702571869 -0.05179543793201447 -0.1568404138088226 
0.291224867105484 0.828788161277771 -0.4778054356575012 0.1989829242229462 
0.2137513607740402 0.4304545521736145 0.8769373297691345 -0.8892709612846375 
0 0 0 1 

0.9256433844566345 -0.3776367604732513 -0.02397457137703896 -0.2019362598657608 
0.3383855223655701 0.8544589877128601 -0.3942017555236816 0.116868294775486 
0.1693504005670547 0.3567775785923004 0.9187111854553223 -0.9229428768157959 
0 0 0 1 

0.9250829219818115 -0.3797141015529633 -0.006232674699276686 -0.2276871651411057 
0.3507506251335144 0.8605818748474121 -0.3692873120307922 0.09311980754137039 
0.1455873399972916 0.3394352197647095 0.9292944073677063 -0.9318523406982422 
0 0 0 1 

