0.9862598776817322 -0.1310219019651413 -0.1006217300891876 -0.1098973825573921 
0.09760943800210953 0.9535664916038513 -0.284926563501358 0.04294266924262047 
0.1332811713218689 0.2711900174617767 0.9532533884048462 -0.9202075600624084 
0 0 0 1 

0.9692508578300476 -0.2121616154909134 -0.1246606037020683 -0.07276448607444763 
0.1451121866703033 0.9019378423690796 -0.4067558348178864 0.1471834629774094 
0.1987341344356537 0.3761586248874664 0.9049913287162781 -0.8980023860931396 
0 0 0 1 

0.9551228284835815 -0.275806188583374 -0.108033612370491 -0.07486537098884583 
0.1850584894418716 0.840394914150238 -0.5094013214111328 0.2361583113670349 
0.2312869727611542 0.4665482640266418 0.8537206053733826 -0.8649481534957886 
0 0 0 1 

0.9403933882713318 -0.3364437818527222 -0.04965778067708015 -0.1646995544433594 
0.2737123370170593 0.83540278673172 -0.4766378700733185 0.2008437365293503 
0.2018461525440216 0.4346351027488708 0.8776960372924805 -0.8877984881401062 
0 0 0 1 

0.9347527027130127 -0.3546766340732574 -0.02101788111031055 -0.2113001644611359 
0.3175223171710968 0.8604477047920227 -0.3985085487365723 0.1251924335956573 
0.1594265848398209 0.3658332824707031 0.9169237017631531 -0.920262336730957 
0 0 0 1 

0.9236102104187012 -0.3829970359802246 0.01604212820529938 -0.2686915397644043 
0.3692621886730194 0.877694308757782 -0.3054471909999847 0.03248957544565201 
0.1029053702950478 0.2880378663539886 0.9520738124847412 -0.9490300416946411 
0 0 0 1 

0.9095731377601624 -0.4130769670009613 0.045212771743536 -0.3261382579803467 
0.4115528166294098 0.8804453611373901 -0.2354572266340256 -0.03514323011040688 
0.05745460093021393 0.2327729910612106 0.9708324670791626 -0.9779134392738342 
0 0 0 1 

0.8958778381347656 -0.4390606284141541 0.06803355365991592 -0.3679745197296143 
0.4440008103847504 0.879094123840332 -0.173368975520134 -0.096096470952034 
0.01631159894168377 0.1855243742465973 0.9825042486190796 -0.9926769137382507 
0 0 0 1 

0.8885481953620911 -0.4483547210693359 0.09726274758577347 -0.4102014303207397 
0.4568515419960022 0.8841284513473511 -0.09799697250127792 -0.1685622483491898 
-0.04205534979701042 0.1315096914768219 0.9904223680496216 -0.9873524904251099 
0 0 0 1 

0.882404088973999 -0.4555705487728119 0.1175522208213806 -0.4359278380870819 
0.4654709100723267 0.8817052841186523 -0.07702562212944031 -0.1883107125759125 
-0.06855549663305283 0.122685045003891 0.9900749325752258 -0.9833293557167053 
0 0 0 1 

