0.9993229508399963 -0.03096801973879337 -0.01986513286828995 -0.2035422027111053 
0.02939789183437824 0.9967517852783203 -0.07497843354940414 -0.1389927715063095 
0.02212251350283623 0.07434368878602982 0.9969872832298279 -0.9236587882041931 
0 0 0 1 

0.9957123398780823 -0.06730455160140991 -0.06345827877521515 -0.1562841832637787 
0.05679407715797424 0.9862921833992004 -0.1549256294965744 -0.07016899436712265 
0.07301567494869232 0.1506572812795639 0.9858858585357666 -0.9279178380966187 
0 0 0 1 

0.9856058359146118 -0.1344480961561203 -0.1024928614497185 -0.1074977070093155 
0.09968913346529007 0.9518346190452576 -0.2899530827999115 0.04694900289177895 
0.1365399360656738 0.2755620181560516 0.9515368342399597 -0.9206140637397766 
0 0 0 1 

0.9683288335800171 -0.216613695025444 -0.1241681054234505 -0.07212933152914047 
0.1481016725301743 0.8986939787864685 -0.4128134548664093 0.151916891336441 
0.2010102272033691 0.3813496530056 0.902312159538269 -0.8975222706794739 
0 0 0 1 

0.9535074830055237 -0.2817288041114807 -0.107015460729599 -0.07421193271875381 
0.190202921628952 0.8380087614059448 -0.5114333629608154 0.2369135618209839 
0.2337654381990433 0.4673008620738983 0.8526332974433899 -0.8649275302886963 
0 0 0 1 

0.9381545186042786 -0.3426892161369324 -0.0492960549890995 -0.163358062505722 
0.2787862420082092 0.8321669697761536 -0.4793497323989868 0.2020088881254196 
0.2052906155586243 0.4359610676765442 0.8762383460998535 -0.8880029320716858 
0 0 0 1 

0.9314500689506531 -0.3631384670734406 -0.02304583974182606 -0.2071086764335632 
0.3248634040355682 0.858461320400238 -0.3968724310398102 0.1216184124350548 
0.1639037281274796 0.362180083990097 0.9175843596458435 -0.9218477010726929 
0 0 0 1 

0.9210767149925232 -0.3891875743865967 0.01227275561541319 -0.2634916603565216 
0.3740857243537903 0.875709056854248 -0.3052757084369659 0.03074732795357704 
0.1080622598528862 0.285773366689682 0.9521848559379578 -0.9508838057518005 
0 0 0 1 

0.9024232029914856 -0.4283953309059143 0.04593124613165855 -0.3221638798713684 
0.4278004169464111 0.8782656788825989 -0.2136259824037552 -0.06265833228826523 
0.05117658898234367 0.2124304622411728 0.9758351445198059 -0.9777591228485107 
0 0 0 1 

0.9059858918190002 -0.4157783687114716 0.07948458939790726 -0.3766384124755859 
0.4232756793498993 0.8921149969100952 -0.1580139696598053 -0.1071304529905319 
-0.005210570991039276 0.1768023371696472 0.9842326045036316 -0.9763906002044678 
0 0 0 1 

