0.9862598776817322 -0.1310218721628189 -0.1006217077374458 -0.1098968237638474 
0.09760942310094833 0.9535666108131409 -0.2849264740943909 0.04294285923242569 
0.1332811266183853 0.2711899280548096 0.953253448009491 -0.9202086925506592 
0 0 0 1 

0.9692508578300476 -0.2121614664793015 -0.1246605738997459 -0.07276403903961182 
0.1451121717691422 0.9019380807876587 -0.4067556262016296 0.1471836566925049 
0.1987340003252029 0.3761584758758545 0.9049914479255676 -0.8980032205581665 
0 0 0 1 

0.9551228284835815 -0.275806188583374 -0.1080336198210716 -0.07486513257026672 
0.1850584894418716 0.8403948545455933 -0.5094013214111328 0.2361586540937424 
0.2312869876623154 0.4665482640266418 0.8537206053733826 -0.8649485111236572 
0 0 0 1 

0.940393328666687 -0.336443692445755 -0.04965778812766075 -0.1646995693445206 
0.2737122476100922 0.83540278673172 -0.4766377806663513 0.2008439898490906 
0.2018461376428604 0.4346350431442261 0.8776960372924805 -0.8877984285354614 
0 0 0 1 

0.9347528219223022 -0.3546764552593231 -0.02101792581379414 -0.2113000899553299 
0.3175221979618073 0.860447883605957 -0.3985083401203156 0.1251927018165588 
0.1594264358282089 0.3658331334590912 0.9169237613677979 -0.920262336730957 
0 0 0 1 

0.9236102700233459 -0.3829968571662903 0.0160420686006546 -0.2686915993690491 
0.3692620396614075 0.8776944279670715 -0.3054470121860504 0.03248967975378036 
0.1029052734375 0.2880377471446991 0.9520739316940308 -0.9490299224853516 
0 0 0 1 

0.9095731377601624 -0.4130768477916718 0.0452127531170845 -0.3261381685733795 
0.4115526974201202 0.8804454207420349 -0.2354571521282196 -0.03514318540692329 
0.05745457857847214 0.2327729165554047 0.9708324670791626 -0.9779133200645447 
0 0 0 1 

0.8958777785301208 -0.4390606582164764 0.06803359091281891 -0.3679745197296143 
0.4440008699893951 0.8790940046310425 -0.1733689904212952 -0.09609643369913101 
0.01631162315607071 0.1855244040489197 0.9825042486190796 -0.9926769137382507 
0 0 0 1 

0.8885483145713806 -0.4483544826507568 0.0972626805305481 -0.4102015197277069 
0.4568513035774231 0.8841285705566406 -0.09799692034721375 -0.1685623228549957 
-0.04205533117055893 0.1315096020698547 0.9904224276542664 -0.9873524308204651 
0 0 0 1 

0.8713251948356628 -0.4707237184047699 0.1386049538850784 -0.4603705108165741 
0.4784809648990631 0.8776766061782837 -0.0271949116140604 -0.2381503731012344 
-0.108849011361599 0.09001550078392029 0.9899742603302002 -0.9728561043739319 
0 0 0 1 

