0.9862598776817322 -0.1310218721628189 -0.1006217151880264 -0.1098970994353294 
0.09760943055152893 0.9535665512084961 -0.2849265038967133 0.04294275864958763 
0.1332811415195465 0.271189957857132 0.953253448009491 -0.920208215713501 
0 0 0 1 

0.9692508578300476 -0.2121614664793015 -0.1246605813503265 -0.07276438176631927 
0.1451121717691422 0.9019380807876587 -0.4067556262016296 0.1471835672855377 
0.1987340152263641 0.3761584758758545 0.9049914479255676 -0.898002564907074 
0 0 0 1 

0.9551228284835815 -0.275806188583374 -0.1080336198210716 -0.07486525177955627 
0.1850584894418716 0.8403948545455933 -0.5094013214111328 0.2361584901809692 
0.2312869876623154 0.4665482640266418 0.8537206053733826 -0.8649483323097229 
0 0 0 1 

0.940393328666687 -0.3364437222480774 -0.04965777322649956 -0.1646995544433594 
0.2737122774124146 0.83540278673172 -0.4766377806663513 0.2008438557386398 
0.2018461376428604 0.4346350431442261 0.8776960372924805 -0.8877984285354614 
0 0 0 1 

0.9347527623176575 -0.3546765148639679 -0.02101788483560085 -0.2113000750541687 
0.317522257566452 0.8604477643966675 -0.3985084593296051 0.1251925975084305 
0.1594265252351761 0.365833193063736 0.9169237017631531 -0.920262336730957 
0 0 0 1 

0.9236102104187012 -0.3829969763755798 0.01604212261736393 -0.2686915993690491 
0.369262158870697 0.877694308757782 -0.30544713139534 0.03248963132500648 
0.1029053553938866 0.2880378067493439 0.952073872089386 -0.9490299820899963 
0 0 0 1 

0.9095731377601624 -0.4130768775939941 0.0452127531170845 -0.3261381983757019 
0.4115527272224426 0.8804454207420349 -0.2354571670293808 -0.03514320775866508 
0.05745457857847214 0.2327729314565659 0.9708324670791626 -0.9779133796691895 
0 0 0 1 

0.8958777785301208 -0.4390606880187988 0.06803359836339951 -0.3679745197296143 
0.4440008997917175 0.8790940046310425 -0.1733689904212952 -0.0960964560508728 
0.01631163246929646 0.1855244040489197 0.9825042486190796 -0.9926769137382507 
0 0 0 1 

0.8885482549667358 -0.4483546912670135 0.09726273268461227 -0.4102015197277069 
0.4568515121936798 0.8841285109519958 -0.09799697250127792 -0.1685622930526733 
-0.04205534234642982 0.1315096765756607 0.9904224276542664 -0.9873524904251099 
0 0 0 1 

0.8726766109466553 -0.4670981466770172 0.1423185020685196 -0.4646568298339844 
0.4768944084644318 0.8779139518737793 -0.04287957027554512 -0.2213706076145172 
-0.1049141362309456 0.105291023850441 0.9888917207717896 -0.9738651514053345 
0 0 0 1 

