1.000000000000000000e+00 0.000000000000000000e+00 0.000000000000000000e+00 -1.724681335448287500e+00
0.000000000000000000e+00 -1.000000000000000000e+00 0.000000000000000000e+00 -1.637983189942774365e+00
0.000000000000000000e+00 0.000000000000000000e+00 -1.000000000000000000e+00 -7.092073492565295290e+00
0.000000000000000000e+00 0.000000000000000000e+00 0.000000000000000000e+00 1.000000000000000000e+00
9.978848695755004883e-01 5.907500535249710083e-02 2.712881192564964294e-02 -1.463385691033415759e+00
5.624759942293167114e-02 -9.938634634017944336e-01 9.524548053741455078e-02 -1.019856074290111048e+00
3.258890286087989807e-02 -9.351810812950134277e-02 -9.950841069221496582e-01 -7.144572183579525060e+00
0.000000000000000000e+00 0.000000000000000000e+00 0.000000000000000000e+00 1.000000000000000000e+00
9.927250742912292480e-01 1.006620898842811584e-01 6.606109440326690674e-02 -1.120353630494408170e+00
8.616959303617477417e-02 -9.771879911422729492e-01 1.941093802452087402e-01 -3.557227747984283983e-01
8.409355580806732178e-02 -1.870048046112060547e-01 -9.787530303001403809e-01 -7.168588143615492569e+00
0.000000000000000000e+00 0.000000000000000000e+00 0.000000000000000000e+00 1.000000000000000000e+00
9.824078083038330078e-01 1.596091091632843018e-01 9.695243835449218750e-02 -8.133513123535384137e-01
1.231241822242736816e-01 -9.439246654510498047e-01 3.063440918922424316e-01 3.957251191916426047e-01
1.404111087322235107e-01 -2.890176773071289062e-01 -9.469707012176513672e-01 -7.083256686951861170e+00
0.000000000000000000e+00 0.000000000000000000e+00 0.000000000000000000e+00 1.000000000000000000e+00
9.626740813255310059e-01 2.429815828800201416e-01 1.192415580153465271e-01 -5.306721337967954533e-01
1.721017658710479736e-01 -8.895385861396789551e-01 4.232043921947479248e-01 1.164576397732081769e+00
2.089008986949920654e-01 -3.868862092494964600e-01 -8.981533050537109375e-01 -6.900596594009653195e+00
0.000000000000000000e+00 0.000000000000000000e+00 0.000000000000000000e+00 1.000000000000000000e+00
