1.000000000000000000e+00 0.000000000000000000e+00 0.000000000000000000e+00 -1.724681335448287500e+00
0.000000000000000000e+00 -1.000000000000000000e+00 0.000000000000000000e+00 -1.637983189942774365e+00
0.000000000000000000e+00 0.000000000000000000e+00 -1.000000000000000000e+00 -7.092073492565295290e+00
0.000000000000000000e+00 0.000000000000000000e+00 0.000000000000000000e+00 1.000000000000000000e+00
9.989140033721923828e-01 4.117317870259284973e-02 2.180851809680461884e-02 -1.529353518719430038e+00
3.932782635092735291e-02 -9.960840940475463867e-01 7.918202131986618042e-02 -1.152674547712739361e+00
2.498328313231468201e-02 -7.823834568262100220e-02 -9.966216087341308594e-01 -7.136287585060562932e+00
0.000000000000000000e+00 0.000000000000000000e+00 0.000000000000000000e+00 1.000000000000000000e+00
9.939906597137451172e-01 8.419146388769149780e-02 6.995916366577148438e-02 -1.120623640570403312e+00
7.279308885335922241e-02 -9.857004880905151367e-01 1.519724428653717041e-01 -6.763063412415729614e-01
8.175361901521682739e-02 -1.459666192531585693e-01 -9.859056472778320312e-01 -7.165397658598370967e+00
0.000000000000000000e+00 0.000000000000000000e+00 0.000000000000000000e+00 1.000000000000000000e+00
9.824137687683105469e-01 1.537428647279739380e-01 1.059541106224060059e-01 -7.599004624032353883e-01
1.183071658015251160e-01 -9.515596032142639160e-01 2.837915718555450439e-01 2.014242312103283195e-01
1.444526016712188721e-01 -2.662656009197235107e-01 -9.530141949653625488e-01 -7.110268265158614653e+00
0.000000000000000000e+00 0.000000000000000000e+00 0.000000000000000000e+00 1.000000000000000000e+00
9.641686677932739258e-01 2.322034537792205811e-01 1.282976269721984863e-01 -4.886920587111504566e-01
1.618468761444091797e-01 -8.980421423912048340e-01 4.090546369552612305e-01 1.034542532478297305e+00
2.102006673812866211e-01 -3.736330866813659668e-01 -9.034455418586730957e-01 -6.934941875676247314e+00
0.000000000000000000e+00 0.000000000000000000e+00 0.000000000000000000e+00 1.000000000000000000e+00
9.496374130249023438e-01 2.943115234375000000e-01 1.075614839792251587e-01 -5.339597649923230049e-01
2.010965794324874878e-01 -8.356603384017944336e-01 5.111083388328552246e-01 1.719125274871288633e+00
2.403100132942199707e-01 -4.637373387813568115e-01 -8.527594208717346191e-01 -6.679443405041945780e+00
0.000000000000000000e+00 0.000000000000000000e+00 0.000000000000000000e+00 1.000000000000000000e+00
9.324690103530883789e-01 3.575174212455749512e-01 5.179548263549804688e-02 -1.201702036394443729e+00
2.912248373031616211e-01 -8.287883996963500977e-01 4.778051972389221191e-01 1.435548973474813472e+00
2.137512117624282837e-01 -4.304544329643249512e-01 -8.769375085830688477e-01 -6.865692448934701098e+00
0.000000000000000000e+00 0.000000000000000000e+00 0.000000000000000000e+00 1.000000000000000000e+00
9.256434440612792969e-01 3.776364326477050781e-01 2.397457882761955261e-02 -1.549423425117108177e+00
3.383852243423461914e-01 -8.544591665267944336e-01 3.942013680934906006e-01 8.023901096467337402e-01
1.693502068519592285e-01 -3.567772805690765381e-01 -9.187112450599670410e-01 -7.125322188629634290e+00
0.000000000000000000e+00 0.000000000000000000e+00 0.000000000000000000e+00 1.000000000000000000e+00
9.186215400695800781e-01 3.944716155529022217e-01 -2.294711023569107056e-02 -2.087296824656563299e+00
3.801124393939971924e-01 -8.663349151611328125e-01 3.240034580230712891e-01 2.794908657079750447e-01
1.079303398728370667e-01 -3.063590526580810547e-01 -9.457775354385375977e-01 -7.314526866222347934e+00
0.000000000000000000e+00 0.000000000000000000e+00 0.000000000000000000e+00 1.000000000000000000e+00
