1 0 0 -0.2246657013893127 
0 1 0 -0.1996245533227921 
0 0 1 -0.9186304211616516 
0 0 0 1 

0.9991338849067688 -0.03631680458784103 -0.02031296119093895 -0.2017136067152023 
0.03445209562778473 0.9957307577133179 -0.08563496172428131 -0.1293362379074097 
0.02333623170852661 0.08486096560955048 0.996119499206543 -0.924799919128418 
0 0 0 1 

0.9937282204627991 -0.08617223799228668 -0.0712643563747406 -0.1445628553628922 
0.074411541223526 0.985296368598938 -0.1537982970476151 -0.07272417843341827 
0.08346966654062271 0.147530809044838 0.9855290055274963 -0.928210973739624 
0 0 0 1 

0.9820519685745239 -0.155074268579483 -0.1073584482073784 -0.09792350232601166 
0.1186639070510864 0.9504344463348389 -0.2873900234699249 0.04327883198857307 
0.1466040313243866 0.2694923579692841 0.9517778158187866 -0.9206005334854126 
0 0 0 1 

0.963695764541626 -0.233782097697258 -0.1289816945791245 -0.06326832622289658 
0.1635541468858719 0.8987047076225281 -0.4069148004055023 0.1456842422485352 
0.2110459357500076 0.3710465729236603 0.9043140411376953 -0.8982500433921814 
0 0 0 1 

0.9482121467590332 -0.2976432144641876 -0.1109151169657707 -0.06630593538284302 
0.201349213719368 0.8333006501197815 -0.5148478150367737 0.2402272522449493 
0.2456667125225067 0.4658522307872772 0.8500760197639465 -0.8639283776283264 
0 0 0 1 

0.9314989447593689 -0.3590923547744751 -0.05798565596342087 -0.1509309709072113 
0.2891338467597961 0.8276901245117188 -0.4809682369232178 0.2031833976507187 
0.2207062840461731 0.4312557578086853 0.8748182654380798 -0.8890015482902527 
0 0 0 1 

0.9290765523910522 -0.3692263066768646 -0.02211031131446362 -0.1968670934438705 
0.3239562213420868 0.8411014080047607 -0.4331294298171997 0.1554929912090302 
0.1785198003053665 0.3952473700046539 0.9010605216026306 -0.9082118272781372 
0 0 0 1 

