1 0 0 -0.2246657013893127 
0 1 0 -0.1996245533227921 
0 0 1 -0.9186304211616516 
0 0 0 1 

0.9991338849067688 -0.03631673380732536 -0.02031291648745537 -0.2017136067152023 
0.03445202484726906 0.9957307577133179 -0.08563479036092758 -0.1293359994888306 
0.02333618700504303 0.08486079424619675 0.996119499206543 -0.9247997999191284 
0 0 0 1 

0.9937282204627991 -0.08617215603590012 -0.07126427441835403 -0.144562765955925 
0.07441145926713943 0.985296368598938 -0.1537981480360031 -0.07272393256425858 
0.08346959203481674 0.147530660033226 0.9855290055274963 -0.9282109141349792 
0 0 0 1 

0.9820519685745239 -0.1550741791725159 -0.1073584035038948 -0.09792342036962509 
0.1186638474464417 0.9504345059394836 -0.2873898446559906 0.04327906295657158 
0.1466039419174194 0.2694921791553497 0.9517778754234314 -0.9206004738807678 
0 0 0 1 

0.9636958241462708 -0.2337820082902908 -0.1289816945791245 -0.06326816976070404 
0.1635541468858719 0.8987048268318176 -0.4069146811962128 0.1456843763589859 
0.2110458463430405 0.3710464537143707 0.9043141007423401 -0.8982501626014709 
0 0 0 1 

0.9482121467590332 -0.2976432144641876 -0.1109151169657707 -0.06630571186542511 
0.2013492286205292 0.8333005905151367 -0.5148478150367737 0.240227609872818 
0.2456667125225067 0.4658522605895996 0.8500760197639465 -0.8639286756515503 
0 0 0 1 

0.9314989447593689 -0.3590922653675079 -0.05798568576574326 -0.1509309858083725 
0.2891338169574738 0.8276902437210083 -0.4809681475162506 0.2031835317611694 
0.2207062095403671 0.4312556684017181 0.8748183846473694 -0.8890015482902527 
0 0 0 1 

0.9271950721740723 -0.3735828101634979 -0.02729642018675804 -0.1907832026481628 
0.3263507783412933 0.8414376378059387 -0.4306711852550507 0.1526968777179718 
0.1838597357273102 0.3904079496860504 0.9020959138870239 -0.9095922112464905 
0 0 0 1 

