1 0 0 -0.2246657013893127 
0 1 0 -0.1996245533227921 
0 0 1 -0.9186304211616516 
0 0 0 1 

0.9996211528778076 -0.02467252500355244 -0.01219847239553928 -0.2115480601787567 
0.02350700460374355 0.9958529472351074 -0.0878884494304657 -0.1230761185288429 
0.01431631669402122 0.08756840229034424 0.9960556030273438 -0.9224462509155273 
0 0 0 1 

0.9941797256469727 -0.08040984719991684 -0.07170076668262482 -0.145569309592247 
0.06775129586458206 0.9840958118438721 -0.1642109602689743 -0.06053043529391289 
0.08376459032297134 0.1583973914384842 0.9838159680366516 -0.9283531904220581 
0 0 0 1 

0.9830809831619263 -0.1493560522794724 -0.106040433049202 -0.1004560813307762 
0.1126967817544937 0.9495573043823242 -0.2926434874534607 0.05059057474136353 
0.1443995833396912 0.2757418155670166 0.9503237009048462 -0.919488787651062 
0 0 0 1 

0.9642019867897034 -0.2308612614870071 -0.1304513216018677 -0.06266409903764725 
0.1596873253583908 0.8982744812965393 -0.4093931019306183 0.1500148326158524 
0.2116941958665848 0.3739061653614044 0.9029836654663086 -0.8971641659736633 
0 0 0 1 

0.9477538466453552 -0.2982776463031769 -0.113106332719326 -0.06424414366483688 
0.1998920142650604 0.8316153883934021 -0.5181301832199097 0.2448549568653107 
0.2486076653003693 0.4684507846832275 0.8477900624275208 -0.8625317215919495 
0 0 0 1 

0.9307570457458496 -0.3619657456874847 -0.05169141292572021 -0.1560597270727158 
0.2943266332149506 0.8255833983421326 -0.4814391434192657 0.2041207849979401 
0.21694016456604 0.4328887164592743 0.8749538064002991 -0.8881219625473022 
0 0 0 1 

