1 0 0 -0.2246657013893127 
0 1 0 -0.1996245533227921 
0 0 1 -0.9186304211616516 
0 0 0 1 

0.9996211528778076 -0.02467257715761662 -0.01219850219786167 -0.2115485668182373 
0.02350705675780773 0.9958529472351074 -0.08788863569498062 -0.1230757907032967 
0.01431634556502104 0.08756858855485916 0.9960556030273438 -0.9224442839622498 
0 0 0 1 

0.9941797256469727 -0.08040985465049744 -0.07170076668262482 -0.1455696076154709 
0.06775130331516266 0.9840958118438721 -0.1642109602689743 -0.06053014844655991 
0.08376459032297134 0.1583973914384842 0.9838159680366516 -0.9283522963523865 
0 0 0 1 

0.9830809235572815 -0.1493561267852783 -0.1060404777526855 -0.1004564389586449 
0.1126968264579773 0.9495573043823242 -0.2926436066627502 0.05059045180678368 
0.1443996578454971 0.2757419347763062 0.9503236413002014 -0.9194881916046143 
0 0 0 1 

0.9642019271850586 -0.2308613657951355 -0.1304513812065125 -0.06266424804925919 
0.1596873998641968 0.8982744216918945 -0.4093932807445526 0.1500145792961121 
0.2116942852735519 0.3739063441753387 0.9029836058616638 -0.8971640467643738 
0 0 0 1 

0.9477538466453552 -0.2982776463031769 -0.113106332719326 -0.06424427032470703 
0.1998920142650604 0.8316153883934021 -0.5181301832199097 0.2448547631502151 
0.2486076653003693 0.4684507846832275 0.8477900624275208 -0.8625316023826599 
0 0 0 1 

0.9331245422363281 -0.3556364178657532 -0.05293193459510803 -0.1566038727760315 
0.2875786125659943 0.8265649676322937 -0.4838272035121918 0.2077138721942902 
0.2158183157444 0.4362488687038422 0.8735613822937012 -0.8872551918029785 
0 0 0 1 

