1.000000000000000000e+00 0.000000000000000000e+00 0.000000000000000000e+00 -2.246657013893127441e-01
0.000000000000000000e+00 1.000000000000000000e+00 0.000000000000000000e+00 -1.996245533227920532e-01
0.000000000000000000e+00 0.000000000000000000e+00 1.000000000000000000e+00 -9.186304211616516113e-01
0.000000000000000000e+00 0.000000000000000000e+00 0.000000000000000000e+00 1.000000000000000000e+00
9.991338253021240234e-01 -3.631688654422760010e-02 -2.031300589442253113e-02 -2.017140835523605347e-01
3.445217385888099670e-02 9.957306981086730957e-01 -8.563515543937683105e-02 -1.293359100818634033e-01
2.333628386259078979e-02 8.486114442348480225e-02 9.961194396018981934e-01 -9.247986674308776855e-01
0.000000000000000000e+00 0.000000000000000000e+00 0.000000000000000000e+00 1.000000000000000000e+00
9.937282204627990723e-01 -8.617232739925384521e-02 -7.126445323228836060e-02 -1.445631235837936401e-01
7.441163808107376099e-02 9.852963685989379883e-01 -1.537984758615493774e-01 -7.272409647703170776e-02
8.346975594758987427e-02 1.475309878587722778e-01 9.855290651321411133e-01 -9.282104372978210449e-01
0.000000000000000000e+00 0.000000000000000000e+00 0.000000000000000000e+00 1.000000000000000000e+00
9.820519685745239258e-01 -1.550743728876113892e-01 -1.073585152626037598e-01 -9.792343527078628540e-02
1.186639815568923950e-01 9.504343867301940918e-01 -2.873902320861816406e-01 4.327860847115516663e-02
1.466041207313537598e-01 2.694925367832183838e-01 9.517777562141418457e-01 -9.206008911132812500e-01
0.000000000000000000e+00 0.000000000000000000e+00 0.000000000000000000e+00 1.000000000000000000e+00
9.636957645416259766e-01 -2.337821871042251587e-01 -1.289817094802856445e-01 -6.326831877231597900e-02
1.635541915893554688e-01 8.987046480178833008e-01 -4.069149494171142578e-01 1.456841081380844116e-01
2.110460251569747925e-01 3.710466623306274414e-01 9.043139219284057617e-01 -8.982502818107604980e-01
0.000000000000000000e+00 0.000000000000000000e+00 0.000000000000000000e+00 1.000000000000000000e+00
9.482121467590332031e-01 -2.976432740688323975e-01 -1.109151765704154968e-01 -6.630613654851913452e-02
2.013492733240127563e-01 8.333006501197814941e-01 -5.148479342460632324e-01 2.402268946170806885e-01
2.456667572259902954e-01 4.658523499965667725e-01 8.500760793685913086e-01 -8.639281988143920898e-01
0.000000000000000000e+00 0.000000000000000000e+00 0.000000000000000000e+00 1.000000000000000000e+00
9.314988851547241211e-01 -3.590924739837646484e-01 -5.798564851284027100e-02 -1.509310752153396606e-01
2.891339361667633057e-01 8.276900053024291992e-01 -4.809683859348297119e-01 2.031832039356231689e-01
2.207063734531402588e-01 4.312558472156524658e-01 8.748182058334350586e-01 -8.890013694763183594e-01
0.000000000000000000e+00 0.000000000000000000e+00 0.000000000000000000e+00 1.000000000000000000e+00
