0.9862464666366577 -0.1323921680450439 -0.09894558042287827 -0.1111168190836906 
0.09989380836486816 0.9544008374214172 -0.2813186347484589 0.03913069516420364 
0.1316781491041183 0.2675654888153076 0.9544996023178101 -0.9201961159706116 
0 0 0 1 

0.9538740515708923 -0.2808204889297485 -0.1061325147747993 -0.07523275166749954 
0.1905559599399567 0.8395507335662842 -0.5087660551071167 0.2345689982175827 
0.2319756150245667 0.4650745093822479 0.8543376922607422 -0.8652181029319763 
0 0 0 1 

0.9381595253944397 -0.3427375853061676 -0.04886218532919884 -0.1636943966150284 
0.280401200056076 0.8350203633308411 -0.4734088480472565 0.1962958723306656 
0.2030560225248337 0.4304320216178894 0.8794864416122437 -0.8888149261474609 
0 0 0 1 

0.931153416633606 -0.3639970421791077 -0.02143512293696404 -0.2083310782909393 
0.3276720345020294 0.8611201643943787 -0.3887194991111755 0.113483190536499 
0.1599510461091995 0.3549337983131409 0.9211066961288452 -0.9221742153167725 
0 0 0 1 

0.9194305539131165 -0.393019825220108 0.01351583655923605 -0.2634491622447968 
0.3790229856967926 0.8764773011207581 -0.2968651056289673 0.02173471264541149 
0.1048276498913765 0.2780696749687195 0.9548237323760986 -0.9505228400230408 
0 0 0 1 

0.912892758846283 -0.4053550064563751 0.04810336604714394 -0.3310894072055817 
0.4040977358818054 0.8807602524757385 -0.2469135820865631 -0.02091519720852375 
0.05772018805146217 0.2448440939188004 0.9678428173065186 -0.976561963558197 
0 0 0 1 

0.8958958983421326 -0.4394328892230988 0.06533914059400558 -0.3650136590003967 
0.4436077773571014 0.8768540024757385 -0.1853081583976746 -0.08257245272397995 
0.02413764968514442 0.1950017660856247 0.9805058240890503 -0.9943373799324036 
0 0 0 1 

0.8885238766670227 -0.4493170976638794 0.09294865280389786 -0.4054857492446899 
0.4576391875743866 0.8824302554130554 -0.1090098842978477 -0.1559524238109589 
-0.03304069861769676 0.1393948495388031 0.9896854758262634 -0.9902076721191406 
0 0 0 1 

0.8472030758857727 -0.477057933807373 0.2338002622127533 -0.5496387481689453 
0.5086665153503418 0.8553861379623413 -0.09784045070409775 -0.1774644702672958 
-0.1533139199018478 0.2018171399831772 0.9673492908477783 -0.9560515284538269 
0 0 0 1 

0.8660416007041931 -0.4362450838088989 0.2442585229873657 -0.5763466358184814 
0.4768412113189697 0.8675740361213684 -0.1412009745836258 -0.1252376288175583 
-0.1503140479326248 0.2387585043907166 0.9593749046325684 -0.9538546204566956 
0 0 0 1 

