0.9862464666366577 -0.1323921680450439 -0.09894557297229767 -0.1111166179180145 
0.09989381581544876 0.9544008374214172 -0.2813186943531036 0.03913082927465439 
0.1316781640052795 0.26756551861763 0.9544996023178101 -0.9201964735984802 
0 0 0 1 

0.9538740515708923 -0.2808204293251038 -0.1061325147747993 -0.07523270696401596 
0.1905559301376343 0.839550793170929 -0.5087659358978271 0.2345691025257111 
0.2319755405187607 0.4650744497776031 0.854337751865387 -0.8652181029319763 
0 0 0 1 

0.9381595849990845 -0.3427374958992004 -0.04886220395565033 -0.1636943221092224 
0.2804011106491089 0.8350204825401306 -0.4734087586402893 0.1962960213422775 
0.2030559480190277 0.4304319620132446 0.8794865012168884 -0.8888150453567505 
0 0 0 1 

0.931153416633606 -0.3639968931674957 -0.02143512852489948 -0.2083309441804886 
0.3276719152927399 0.8611202836036682 -0.3887193500995636 0.1134833320975304 
0.1599509716033936 0.3549336493015289 0.92110675573349 -0.9221742749214172 
0 0 0 1 

0.919430673122406 -0.3930197358131409 0.01351579837501049 -0.2634492516517639 
0.3790228962898254 0.8764774203300476 -0.2968650460243225 0.02173474989831448 
0.1048275902867317 0.2780696153640747 0.9548237919807434 -0.9505227208137512 
0 0 0 1 

0.9128928780555725 -0.4053549468517303 0.04810334369540215 -0.3310893177986145 
0.404097706079483 0.8807602524757385 -0.2469135522842407 -0.02091515995562077 
0.05772016569972038 0.2448440790176392 0.9678428173065186 -0.9765618443489075 
0 0 0 1 

0.8958958983421326 -0.439432829618454 0.06533914059400558 -0.3650136888027191 
0.4436077177524567 0.8768540024757385 -0.1853081285953522 -0.08257244527339935 
0.02413764968514442 0.1950017511844635 0.9805058240890503 -0.9943373203277588 
0 0 0 1 

0.8885238766670227 -0.4493170380592346 0.09294863790273666 -0.4054858088493347 
0.4576390981674194 0.8824303150177002 -0.1090098768472672 -0.1559524536132812 
-0.03304067999124527 0.1393948197364807 0.9896854758262634 -0.9902077913284302 
0 0 0 1 

0.8472031354904175 -0.4770576953887939 0.2338001579046249 -0.5496388673782349 
0.5086663365364075 0.8553862571716309 -0.09784041345119476 -0.177464485168457 
-0.1533138602972031 0.20181705057621 0.9673492908477783 -0.9560515284538269 
0 0 0 1 

0.8657711744308472 -0.4367537796497345 0.2443077713251114 -0.5764077305793762 
0.4772252142429352 0.867505669593811 -0.140320748090744 -0.1264604926109314 
-0.1506527215242386 0.2380755245685577 0.9594914317131042 -0.9541252851486206 
0 0 0 1 

