1 0 0 -0.2246657013893127 
0 1 0 -0.1996245533227921 
0 0 1 -0.9186304211616516 
0 0 0 1 

0.9980620741844177 -0.05737397074699402 -0.02409154362976551 -0.1939151138067245 
0.05484923720359802 0.9939776659011841 -0.09486839175224304 -0.1194939166307449 
0.029389388859272 0.09336315095424652 0.9951983094215393 -0.924852192401886 
0 0 0 1 

0.9931231141090393 -0.09929738938808441 -0.06202011182904243 -0.1502431482076645 
0.08564457297325134 0.9773736000061035 -0.1934059858322144 -0.0338788665831089 
0.07982149720191956 0.186764270067215 0.9791566133499146 -0.9280085563659668 
0 0 0 1 

0.983040988445282 -0.1576711386442184 -0.09364965558052063 -0.1099070981144905 
0.1225350722670555 0.9446814656257629 -0.3042401373386383 0.0623461976647377 
0.1364390105009079 0.2876051366329193 0.9479808211326599 -0.9171832203865051 
0 0 0 1 

