1 0 0 -0.2246657013893127 
0 1 0 -0.1996245533227921 
0 0 1 -0.9186304211616516 
0 0 0 1 

0.9996211528778076 -0.02467278391122818 -0.01219859626144171 -0.2115496844053268 
0.0235072486102581 0.9958528876304626 -0.08788935095071793 -0.1230745688080788 
0.01431647129356861 0.08756930381059647 0.996055543422699 -0.9224395155906677 
0 0 0 1 

0.9941796660423279 -0.08040987700223923 -0.07170076668262482 -0.145570769906044 
0.06775132566690445 0.9840958118438721 -0.1642109453678131 -0.06052901595830917 
0.08376459032297134 0.158397376537323 0.9838159680366516 -0.9283488392829895 
0 0 0 1 

0.9830808639526367 -0.1493564546108246 -0.1060406714677811 -0.1004574000835419 
0.112696997821331 0.9495570659637451 -0.2926442623138428 0.05059004947543144 
0.1444000154733658 0.2757424712181091 0.9503234624862671 -0.9194865226745605 
0 0 0 1 

0.9642019271850586 -0.230861485004425 -0.1304513812065125 -0.06266458332538605 
0.1596874296665192 0.898274302482605 -0.4093933999538422 0.1500141024589539 
0.2116943895816803 0.3739064037799835 0.902983546257019 -0.8971636891365051 
0 0 0 1 

0.9477537870407104 -0.2982778549194336 -0.1131063252687454 -0.06424502283334732 
0.1998921036720276 0.831615149974823 -0.5181304216384888 0.244853675365448 
0.2486078590154648 0.4684509932994843 0.8477898240089417 -0.8625308275222778 
0 0 0 1 

0.9381751418113708 -0.338232547044754 -0.07365771383047104 -0.111753799021244 
0.2396082580089569 0.7880938649177551 -0.5670057535171509 0.2872098088264465 
0.2498291879892349 0.5143018960952759 0.8204135298728943 -0.8361726999282837 
0 0 0 1 

