1 0 0 -0.2246657013893127 
0 1 0 -0.1996245533227921 
0 0 1 -0.9186304211616516 
0 0 0 1 

0.9991338849067688 -0.03631666302680969 -0.02031287178397179 -0.2017130553722382 
0.03445195406675339 0.9957307577133179 -0.08563461899757385 -0.1293360143899918 
0.02333614230155945 0.08486062288284302 0.996119499206543 -0.9248011112213135 
0 0 0 1 

0.9937282204627991 -0.08617206662893295 -0.07126422971487045 -0.1445624977350235 
0.07441139966249466 0.9852964282035828 -0.1537979990243912 -0.07272397726774216 
0.08346950262784958 0.1475305408239365 0.9855290651321411 -0.9282115697860718 
0 0 0 1 

0.9820520281791687 -0.1550741046667099 -0.1073583513498306 -0.09792351722717285 
0.1186638101935387 0.9504345655441284 -0.287389725446701 0.04327931255102158 
0.1466038525104523 0.2694920599460602 0.9517778754234314 -0.9205999970436096 
0 0 0 1 

0.9636958241462708 -0.2337819188833237 -0.1289816349744797 -0.06326816976070404 
0.1635540872812271 0.8987048864364624 -0.4069144725799561 0.1456844955682755 
0.2110457569360733 0.3710463047027588 0.9043142199516296 -0.8982500433921814 
0 0 0 1 

0.9482121467590332 -0.2976432144641876 -0.1109151169657707 -0.0663054883480072 
0.2013492286205292 0.8333005905151367 -0.5148478150367737 0.2402279675006866 
0.2456667125225067 0.4658522605895996 0.8500760197639465 -0.8639289140701294 
0 0 0 1 

0.9314990043640137 -0.3590922355651855 -0.05798568576574326 -0.1509310454130173 
0.2891337871551514 0.8276902437210083 -0.4809681177139282 0.2031836360692978 
0.2207061797380447 0.4312556385993958 0.8748183846473694 -0.8890015482902527 
0 0 0 1 

0.9256910681724548 -0.3778590559959412 -0.01784750819206238 -0.2076804488897324 
0.3387618064880371 0.8490573763847351 -0.405391126871109 0.1286864578723907 
0.1683343052864075 0.3692208826541901 0.913969099521637 -0.9204998016357422 
0 0 0 1 

