1.000000000000000000e+00 0.000000000000000000e+00 0.000000000000000000e+00 -2.246657013893127441e-01
0.000000000000000000e+00 1.000000000000000000e+00 0.000000000000000000e+00 -1.996245533227920532e-01
0.000000000000000000e+00 0.000000000000000000e+00 1.000000000000000000e+00 -9.186304211616516113e-01
0.000000000000000000e+00 0.000000000000000000e+00 0.000000000000000000e+00 1.000000000000000000e+00
9.991338849067687988e-01 -3.631666302680969238e-02 -2.031287178397178650e-02 -2.017130553722381592e-01
3.445195406675338745e-02 9.957307577133178711e-01 -8.563461899757385254e-02 -1.293360143899917603e-01
2.333614230155944824e-02 8.486062288284301758e-02 9.961194992065429688e-01 -9.248011112213134766e-01
0.000000000000000000e+00 0.000000000000000000e+00 0.000000000000000000e+00 1.000000000000000000e+00
9.937282204627990723e-01 -8.617206662893295288e-02 -7.126422971487045288e-02 -1.445624977350234985e-01
7.441139966249465942e-02 9.852964282035827637e-01 -1.537979990243911743e-01 -7.272397726774215698e-02
8.346950262784957886e-02 1.475305408239364624e-01 9.855290651321411133e-01 -9.282115697860717773e-01
0.000000000000000000e+00 0.000000000000000000e+00 0.000000000000000000e+00 1.000000000000000000e+00
9.820520281791687012e-01 -1.550741046667098999e-01 -1.073583513498306274e-01 -9.792351722717285156e-02
1.186638101935386658e-01 9.504345655441284180e-01 -2.873897254467010498e-01 4.327931255102157593e-02
1.466038525104522705e-01 2.694920599460601807e-01 9.517778754234313965e-01 -9.205999970436096191e-01
0.000000000000000000e+00 0.000000000000000000e+00 0.000000000000000000e+00 1.000000000000000000e+00
9.636958241462707520e-01 -2.337819188833236694e-01 -1.289816349744796753e-01 -6.326816976070404053e-02
1.635540872812271118e-01 8.987048864364624023e-01 -4.069144725799560547e-01 1.456844955682754517e-01
2.110457569360733032e-01 3.710463047027587891e-01 9.043142199516296387e-01 -8.982500433921813965e-01
0.000000000000000000e+00 0.000000000000000000e+00 0.000000000000000000e+00 1.000000000000000000e+00
9.482121467590332031e-01 -2.976432144641876221e-01 -1.109151169657707214e-01 -6.630548834800720215e-02
2.013492286205291748e-01 8.333005905151367188e-01 -5.148478150367736816e-01 2.402279675006866455e-01
2.456667125225067139e-01 4.658522605895996094e-01 8.500760197639465332e-01 -8.639289140701293945e-01
0.000000000000000000e+00 0.000000000000000000e+00 0.000000000000000000e+00 1.000000000000000000e+00
9.314990043640136719e-01 -3.590922355651855469e-01 -5.798568576574325562e-02 -1.509310454130172729e-01
2.891337871551513672e-01 8.276902437210083008e-01 -4.809681177139282227e-01 2.031836360692977905e-01
2.207061797380447388e-01 4.312556385993957520e-01 8.748183846473693848e-01 -8.890015482902526855e-01
0.000000000000000000e+00 0.000000000000000000e+00 0.000000000000000000e+00 1.000000000000000000e+00
9.256910681724548340e-01 -3.778590559959411621e-01 -1.784750819206237793e-02 -2.076804488897323608e-01
3.387618064880371094e-01 8.490573763847351074e-01 -4.053911268711090088e-01 1.286864578723907471e-01
1.683343052864074707e-01 3.692208826541900635e-01 9.139690995216369629e-01 -9.204998016357421875e-01
0.000000000000000000e+00 0.000000000000000000e+00 0.000000000000000000e+00 1.000000000000000000e+00
