1.000000000000000000e+00 0.000000000000000000e+00 0.000000000000000000e+00 -2.246657013893127441e-01
0.000000000000000000e+00 1.000000000000000000e+00 0.000000000000000000e+00 -1.996245533227920532e-01
0.000000000000000000e+00 0.000000000000000000e+00 1.000000000000000000e+00 -9.186304211616516113e-01
0.000000000000000000e+00 0.000000000000000000e+00 0.000000000000000000e+00 1.000000000000000000e+00
9.989140033721923828e-01 -4.117340967059135437e-02 -2.180861122906208038e-02 -1.993352472782135010e-01
3.932800889015197754e-02 9.960840344429016113e-01 -7.918245345354080200e-02 -1.366834342479705811e-01
2.498344331979751587e-02 7.823875546455383301e-02 9.966214895248413086e-01 -9.243602156639099121e-01
0.000000000000000000e+00 0.000000000000000000e+00 0.000000000000000000e+00 1.000000000000000000e+00
9.939906597137451172e-01 -8.419176936149597168e-02 -6.995942443609237671e-02 -1.463258862495422363e-01
7.279333472251892090e-02 9.857004284858703613e-01 -1.519729942083358765e-01 -7.490476220846176147e-02
8.175393193960189819e-02 1.459671556949615479e-01 9.859056472778320312e-01 -9.281392693519592285e-01
0.000000000000000000e+00 0.000000000000000000e+00 0.000000000000000000e+00 1.000000000000000000e+00
9.824137091636657715e-01 -1.537431776523590088e-01 -1.059542372822761536e-01 -9.954316914081573486e-02
1.183073073625564575e-01 9.515593647956848145e-01 -2.837921082973480225e-01 3.892858698964118958e-02
1.444529145956039429e-01 2.662660479545593262e-01 9.530138969421386719e-01 -9.209897518157958984e-01
0.000000000000000000e+00 0.000000000000000000e+00 0.000000000000000000e+00 1.000000000000000000e+00
9.641686081886291504e-01 -2.322036027908325195e-01 -1.282976567745208740e-01 -6.437005102634429932e-02
1.618469506502151489e-01 8.980420231819152832e-01 -4.090548753738403320e-01 1.469760090112686157e-01
2.102008014917373657e-01 3.736332952976226807e-01 9.034454822540283203e-01 -8.982517719268798828e-01
0.000000000000000000e+00 0.000000000000000000e+00 0.000000000000000000e+00 1.000000000000000000e+00
9.496372342109680176e-01 -2.943118512630462646e-01 -1.075614541769027710e-01 -7.024044543504714966e-02
2.010966986417770386e-01 8.356599211692810059e-01 -5.111088156700134277e-01 2.357599437236785889e-01
2.403103113174438477e-01 4.637377262115478516e-01 8.527590036392211914e-01 -8.651164770126342773e-01
0.000000000000000000e+00 0.000000000000000000e+00 0.000000000000000000e+00 1.000000000000000000e+00
9.324689507484436035e-01 -3.575175702571868896e-01 -5.179543793201446533e-02 -1.568404138088226318e-01
2.912248671054840088e-01 8.287881612777709961e-01 -4.778054356575012207e-01 1.989829242229461670e-01
2.137513607740402222e-01 4.304545521736145020e-01 8.769373297691345215e-01 -8.892709612846374512e-01
0.000000000000000000e+00 0.000000000000000000e+00 0.000000000000000000e+00 1.000000000000000000e+00
9.256433844566345215e-01 -3.776367604732513428e-01 -2.397457137703895569e-02 -2.019362598657608032e-01
3.383855223655700684e-01 8.544589877128601074e-01 -3.942017555236816406e-01 1.168682947754859924e-01
1.693504005670547485e-01 3.567775785923004150e-01 9.187111854553222656e-01 -9.229428768157958984e-01
0.000000000000000000e+00 0.000000000000000000e+00 0.000000000000000000e+00 1.000000000000000000e+00
