1 0 0 -0.2246657013893127 
0 1 0 -0.1996245533227921 
0 0 1 -0.9186304211616516 
0 0 0 1 

0.9996211528778076 -0.02467293851077557 -0.01219866145402193 -0.2115503996610641 
0.023507384583354 0.9958528280258179 -0.0878898873925209 -0.1230739802122116 
0.01431656442582607 0.08756982535123825 0.996055543422699 -0.9224364757537842 
0 0 0 1 

0.9941796660423279 -0.08040989935398102 -0.07170076668262482 -0.1455716639757156 
0.06775134801864624 0.9840958118438721 -0.1642109453678131 -0.06052818149328232 
0.08376459777355194 0.158397376537323 0.9838159680366516 -0.9283462166786194 
0 0 0 1 

0.9830808043479919 -0.1493567377328873 -0.1060407906770706 -0.1004579216241837 
0.1126971319317818 0.9495568871498108 -0.2926447689533234 0.05058979243040085 
0.1444002836942673 0.2757429182529449 0.950323224067688 -0.9194856286048889 
0 0 0 1 

0.9642018675804138 -0.230861708521843 -0.1304514408111572 -0.06266491115093231 
0.1596875339746475 0.8982741832733154 -0.4093937277793884 0.1500135660171509 
0.2116945832967758 0.373906672000885 0.9029833674430847 -0.8971638679504395 
0 0 0 1 

0.9477537274360657 -0.2982780635356903 -0.1131063103675842 -0.06424545496702194 
0.1998921930789948 0.8316149115562439 -0.5181307196617126 0.2448528856039047 
0.2486080378293991 0.4684512317180634 0.8477896451950073 -0.8625304698944092 
0 0 0 1 

0.9420201778411865 -0.3221348822116852 -0.093953937292099 -0.08380912244319916 
0.2123964577913284 0.7891843318939209 -0.5762603878974915 0.29773810505867 
0.2597805261611938 0.5228934288024902 0.8118478655815125 -0.8277773261070251 
0 0 0 1 

