0.9994416832923889 -0.0281178280711174 -0.01804735511541367 -0.2058786749839783 
0.02667707949876785 0.9967784285545349 -0.07563852518796921 -0.1378955692052841 
0.02011597901582718 0.07511485368013382 0.9969719648361206 -0.9234400391578674 
0 0 0 1 

0.9961956143379211 -0.06059807911515236 -0.06262680888175964 -0.1585941016674042 
0.05001292750239372 0.9860776662826538 -0.158585399389267 -0.06562135368585587 
0.07136491686105728 0.1548499017953873 0.9853569865226746 -0.9280182719230652 
0 0 0 1 

0.9863153696060181 -0.130894348025322 -0.1002422869205475 -0.1104461327195168 
0.09659920632839203 0.9515241980552673 -0.2920105755329132 0.0493297278881073 
0.1336055397987366 0.2783311903476715 0.9511472582817078 -0.9202216267585754 
0 0 0 1 

0.9693831205368042 -0.2114177346229553 -0.1248959004878998 -0.07288643717765808 
0.142534539103508 0.8986392617225647 -0.4148870408535004 0.1547930091619492 
0.1999508589506149 0.3843824565410614 0.9012600183486938 -0.8970659375190735 
0 0 0 1 

0.9405001997947693 -0.3359793722629547 -0.05076657608151436 -0.1640061736106873 
0.2716354727745056 0.8331698775291443 -0.4817074537277222 0.2057475000619888 
0.2041409611701965 0.4392559230327606 0.874860405921936 -0.8870601058006287 
0 0 0 1 

0.9340510368347168 -0.3564647138118744 -0.02194228954613209 -0.2100322991609573 
0.3187437951564789 0.8597705364227295 -0.3989948332309723 0.125064343214035 
0.1610930413007736 0.3656875491142273 0.9166905879974365 -0.9207431674003601 
0 0 0 1 

0.9233559966087341 -0.3836941123008728 0.01387182343751192 -0.2665765583515167 
0.3689314126968384 0.8766663670539856 -0.3087806105613708 0.03546768426895142 
0.1063164174556732 0.2902322113513947 0.9510320425033569 -0.9499298930168152 
0 0 0 1 

0.9073951840400696 -0.4176042079925537 0.04733430966734886 -0.3269982039928436 
0.4172589778900146 0.8816686868667603 -0.2203521281480789 -0.05277109518647194 
0.05028684809803963 0.2196971476078033 0.9742711782455444 -0.9770914316177368 
0 0 0 1 

0.9014593958854675 -0.4269204437732697 0.0714820995926857 -0.3750267922878265 
0.4328579604625702 0.8899006247520447 -0.1439114809036255 -0.1218577027320862 
-0.002173147862777114 0.1606719940900803 0.9870054125785828 -0.9861001968383789 
0 0 0 1 

0.8975246548652649 -0.4304865002632141 0.09555035829544067 -0.4052159488201141 
0.4392783045768738 0.8917774558067322 -0.1084735989570618 -0.1549462676048279 
-0.03851332515478134 0.1393312215805054 0.989496648311615 -0.9792069792747498 
0 0 0 1 

