0.9994416832923889 -0.0281178243458271 -0.01804734393954277 -0.2058777064085007 
0.02667706832289696 0.9967784285545349 -0.07563851028680801 -0.1378967463970184 
0.02011598087847233 0.07511483877897263 0.9969719648361206 -0.9234435558319092 
0 0 0 1 

0.9961956143379211 -0.06059799715876579 -0.06262673437595367 -0.1585936546325684 
0.05001287534832954 0.9860777258872986 -0.1585852056741714 -0.06562113761901855 
0.07136482745409012 0.1548497229814529 0.9853570461273193 -0.9280192255973816 
0 0 0 1 

0.9863154292106628 -0.130894273519516 -0.1002422571182251 -0.1104460880160332 
0.09659917652606964 0.9515242576599121 -0.2920104563236237 0.04932982102036476 
0.1336054652929306 0.278331071138382 0.9511473774909973 -0.9202215075492859 
0 0 0 1 

0.9693830609321594 -0.2114176750183105 -0.1248958334326744 -0.07288624346256256 
0.1425344944000244 0.8986393213272095 -0.414886862039566 0.1547932475805283 
0.1999507993459702 0.3843823373317719 0.9012600779533386 -0.8970661759376526 
0 0 0 1 

0.9405001997947693 -0.3359792828559875 -0.05076656118035316 -0.1640061736106873 
0.2716354131698608 0.8331699371337891 -0.4817073047161102 0.2057476043701172 
0.204140916466713 0.4392558038234711 0.874860405921936 -0.8870601654052734 
0 0 0 1 

0.9340510368347168 -0.3564646542072296 -0.02194229699671268 -0.2100322991609573 
0.3187437355518341 0.8597705364227295 -0.3989947438240051 0.1250644475221634 
0.16109299659729 0.3656874895095825 0.9166905283927917 -0.9207431077957153 
0 0 0 1 

0.9233561158180237 -0.3836939334869385 0.01387177966535091 -0.2665766477584839 
0.3689312934875488 0.8766665458679199 -0.3087804913520813 0.03546769917011261 
0.1063163280487061 0.2902320623397827 0.9510321617126465 -0.9499297142028809 
0 0 0 1 

0.9073953032493591 -0.4176041185855865 0.04733427241444588 -0.3269981443881989 
0.4172588884830475 0.8816688060760498 -0.2203520983457565 -0.05277109518647194 
0.05028681084513664 0.2196971029043198 0.9742712378501892 -0.9770915508270264 
0 0 0 1 

0.9014595746994019 -0.4269202649593353 0.07148203253746033 -0.3750267922878265 
0.4328577816486359 0.8899008631706238 -0.1439114511013031 -0.121857725083828 
-0.002173180924728513 0.1606719195842743 0.9870054721832275 -0.9861001372337341 
0 0 0 1 

0.898237407207489 -0.4284193217754364 0.09811434894800186 -0.409092515707016 
0.436781257390976 0.8949724435806274 -0.09080974012613297 -0.1708186417818069 
-0.04890498518943787 0.1244232133030891 0.9910233020782471 -0.9763879179954529 
0 0 0 1 

