0.9961956143379211 -0.06059795245528221 -0.0626266822218895 -0.1585933417081833 
0.05001282319426537 0.9860777258872986 -0.1585850566625595 -0.06562068313360214 
0.07136476784944534 0.154849573969841 0.9853570461273193 -0.9280194640159607 
0 0 0 1 

0.9863154888153076 -0.1308941841125488 -0.1002422049641609 -0.1104458943009377 
0.09659913182258606 0.9515243172645569 -0.2920102775096893 0.0493299663066864 
0.1336053758859634 0.2783309519290924 0.9511474370956421 -0.9202218651771545 
0 0 0 1 

0.9693831205368042 -0.2114175707101822 -0.124895803630352 -0.07288621366024017 
0.1425344496965408 0.8986393809318542 -0.4148867130279541 0.1547933667898178 
0.1999506801366806 0.3843821883201599 0.9012601971626282 -0.897066056728363 
0 0 0 1 

0.9555203318595886 -0.2746294140815735 -0.1075151562690735 -0.07573367655277252 
0.1833116263151169 0.8386150002479553 -0.5129538178443909 0.2396397739648819 
0.2310360819101334 0.4704290330410004 0.851656436920166 -0.8640982508659363 
0 0 0 1 

0.9405002593994141 -0.3359791934490204 -0.05076658353209496 -0.164006307721138 
0.2716353833675385 0.8331700563430786 -0.4817071855068207 0.2057476341724396 
0.204140841960907 0.4392556846141815 0.8748604655265808 -0.8870599865913391 
0 0 0 1 

0.9340510368347168 -0.3564646244049072 -0.02194230258464813 -0.2100323289632797 
0.3187437057495117 0.8597705364227295 -0.3989947140216827 0.1250645518302917 
0.1610929816961288 0.3656874597072601 0.9166905879974365 -0.9207429885864258 
0 0 0 1 

0.9233561158180237 -0.3836937844753265 0.01387176755815744 -0.2665767073631287 
0.3689311444759369 0.8766666054725647 -0.3087803721427917 0.03546775877475739 
0.1063162758946419 0.2902319431304932 0.9510321617126465 -0.9499295949935913 
0 0 0 1 

0.9073953628540039 -0.417603999376297 0.04733425006270409 -0.3269980847835541 
0.4172587692737579 0.8816688656806946 -0.2203520387411118 -0.05277108401060104 
0.05028678849339485 0.219697043299675 0.9742712378501892 -0.9770916104316711 
0 0 0 1 

0.9014596343040466 -0.4269201457500458 0.07148198038339615 -0.3750267922878265 
0.4328576624393463 0.8899009823799133 -0.1439114212989807 -0.1218577399849892 
-0.002173203742131591 0.1606718599796295 0.9870054721832275 -0.9861000776290894 
0 0 0 1 

0.8932191133499146 -0.4316900670528412 0.1257110983133316 -0.4434022605419159 
0.4418258368968964 0.894565761089325 -0.06739368289709091 -0.1929590553045273 
-0.08336365222930908 0.1157397553324699 0.9897751212120056 -0.9697703719139099 
0 0 0 1 

