1.000000000000000000e+00 0.000000000000000000e+00 0.000000000000000000e+00 -2.246657013893127441e-01
0.000000000000000000e+00 1.000000000000000000e+00 0.000000000000000000e+00 -1.996245533227920532e-01
0.000000000000000000e+00 0.000000000000000000e+00 1.000000000000000000e+00 -9.186304211616516113e-01
0.000000000000000000e+00 0.000000000000000000e+00 0.000000000000000000e+00 1.000000000000000000e+00
9.994124770164489746e-01 -3.004014119505882263e-02 -1.650178246200084686e-02 -2.067511677742004395e-01
2.879427559673786163e-02 9.970496892929077148e-01 -7.115361839532852173e-02 -1.422878950834274292e-01
1.859054714441299438e-02 7.063666731119155884e-02 9.973288178443908691e-01 -9.222362041473388672e-01
0.000000000000000000e+00 0.000000000000000000e+00 0.000000000000000000e+00 1.000000000000000000e+00
9.961028695106506348e-01 -6.322529911994934082e-02 -6.149419769644737244e-02 -1.589027643203735352e-01
5.315326154232025146e-02 9.867179989814758301e-01 -1.534997075796127319e-01 -7.048226147890090942e-02
7.038255780935287476e-02 1.496328562498092651e-01 9.862332940101623535e-01 -9.270696043968200684e-01
0.000000000000000000e+00 0.000000000000000000e+00 0.000000000000000000e+00 1.000000000000000000e+00
9.862598776817321777e-01 -1.310219019651412964e-01 -1.006217300891876221e-01 -1.098973825573921204e-01
9.760943800210952759e-02 9.535664916038513184e-01 -2.849265635013580322e-01 4.294266924262046814e-02
1.332811713218688965e-01 2.711900174617767334e-01 9.532533884048461914e-01 -9.202075600624084473e-01
0.000000000000000000e+00 0.000000000000000000e+00 0.000000000000000000e+00 1.000000000000000000e+00
9.692508578300476074e-01 -2.121616154909133911e-01 -1.246606037020683289e-01 -7.276448607444763184e-02
1.451121866703033447e-01 9.019378423690795898e-01 -4.067558348178863525e-01 1.471834629774093628e-01
1.987341344356536865e-01 3.761586248874664307e-01 9.049913287162780762e-01 -8.980023860931396484e-01
0.000000000000000000e+00 0.000000000000000000e+00 0.000000000000000000e+00 1.000000000000000000e+00
9.551228284835815430e-01 -2.758061885833740234e-01 -1.080336123704910278e-01 -7.486537098884582520e-02
1.850584894418716431e-01 8.403949141502380371e-01 -5.094013214111328125e-01 2.361583113670349121e-01
2.312869727611541748e-01 4.665482640266418457e-01 8.537206053733825684e-01 -8.649481534957885742e-01
0.000000000000000000e+00 0.000000000000000000e+00 0.000000000000000000e+00 1.000000000000000000e+00
9.403933882713317871e-01 -3.364437818527221680e-01 -4.965778067708015442e-02 -1.646995544433593750e-01
2.737123370170593262e-01 8.354027867317199707e-01 -4.766378700733184814e-01 2.008437365293502808e-01
2.018461525440216064e-01 4.346351027488708496e-01 8.776960372924804688e-01 -8.877984881401062012e-01
0.000000000000000000e+00 0.000000000000000000e+00 0.000000000000000000e+00 1.000000000000000000e+00
9.347527027130126953e-01 -3.546766340732574463e-01 -2.101788111031055450e-02 -2.113001644611358643e-01
3.175223171710968018e-01 8.604477047920227051e-01 -3.985085487365722656e-01 1.251924335956573486e-01
1.594265848398208618e-01 3.658332824707031250e-01 9.169237017631530762e-01 -9.202623367309570312e-01
0.000000000000000000e+00 0.000000000000000000e+00 0.000000000000000000e+00 1.000000000000000000e+00
9.236102104187011719e-01 -3.829970359802246094e-01 1.604212820529937744e-02 -2.686915397644042969e-01
3.692621886730194092e-01 8.776943087577819824e-01 -3.054471909999847412e-01 3.248957544565200806e-02
1.029053702950477600e-01 2.880378663539886475e-01 9.520738124847412109e-01 -9.490300416946411133e-01
0.000000000000000000e+00 0.000000000000000000e+00 0.000000000000000000e+00 1.000000000000000000e+00
9.095731377601623535e-01 -4.130769670009613037e-01 4.521277174353599548e-02 -3.261382579803466797e-01
4.115528166294097900e-01 8.804453611373901367e-01 -2.354572266340255737e-01 -3.514323011040687561e-02
5.745460093021392822e-02 2.327729910612106323e-01 9.708324670791625977e-01 -9.779134392738342285e-01
0.000000000000000000e+00 0.000000000000000000e+00 0.000000000000000000e+00 1.000000000000000000e+00
8.958778381347656250e-01 -4.390606284141540527e-01 6.803355365991592407e-02 -3.679745197296142578e-01
4.440008103847503662e-01 8.790941238403320312e-01 -1.733689755201339722e-01 -9.609647095203399658e-02
1.631159894168376923e-02 1.855243742465972900e-01 9.825042486190795898e-01 -9.926769137382507324e-01
0.000000000000000000e+00 0.000000000000000000e+00 0.000000000000000000e+00 1.000000000000000000e+00
8.885481953620910645e-01 -4.483547210693359375e-01 9.726274758577346802e-02 -4.102014303207397461e-01
4.568515419960021973e-01 8.841284513473510742e-01 -9.799697250127792358e-02 -1.685622483491897583e-01
-4.205534979701042175e-02 1.315096914768218994e-01 9.904223680496215820e-01 -9.873524904251098633e-01
0.000000000000000000e+00 0.000000000000000000e+00 0.000000000000000000e+00 1.000000000000000000e+00
