1.000000000000000000e+00 0.000000000000000000e+00 0.000000000000000000e+00 -2.246657013893127441e-01
0.000000000000000000e+00 1.000000000000000000e+00 0.000000000000000000e+00 -1.996245533227920532e-01
0.000000000000000000e+00 0.000000000000000000e+00 1.000000000000000000e+00 -9.186304211616516113e-01
0.000000000000000000e+00 0.000000000000000000e+00 0.000000000000000000e+00 1.000000000000000000e+00
9.994416832923889160e-01 -2.811782434582710266e-02 -1.804734393954277039e-02 -2.058777064085006714e-01
2.667706832289695740e-02 9.967784285545349121e-01 -7.563851028680801392e-02 -1.378967463970184326e-01
2.011598087847232819e-02 7.511483877897262573e-02 9.969719648361206055e-01 -9.234435558319091797e-01
0.000000000000000000e+00 0.000000000000000000e+00 0.000000000000000000e+00 1.000000000000000000e+00
9.961956143379211426e-01 -6.059795245528221130e-02 -6.262668222188949585e-02 -1.585933417081832886e-01
5.001282319426536560e-02 9.860777258872985840e-01 -1.585850566625595093e-01 -6.562068313360214233e-02
7.136476784944534302e-02 1.548495739698410034e-01 9.853570461273193359e-01 -9.280194640159606934e-01
0.000000000000000000e+00 0.000000000000000000e+00 0.000000000000000000e+00 1.000000000000000000e+00
9.863154888153076172e-01 -1.308941841125488281e-01 -1.002422049641609192e-01 -1.104458943009376526e-01
9.659913182258605957e-02 9.515243172645568848e-01 -2.920102775096893311e-01 4.932996630668640137e-02
1.336053758859634399e-01 2.783309519290924072e-01 9.511474370956420898e-01 -9.202218651771545410e-01
0.000000000000000000e+00 0.000000000000000000e+00 0.000000000000000000e+00 1.000000000000000000e+00
9.693831205368041992e-01 -2.114175707101821899e-01 -1.248958036303520203e-01 -7.288621366024017334e-02
1.425344496965408325e-01 8.986393809318542480e-01 -4.148867130279541016e-01 1.547933667898178101e-01
1.999506801366806030e-01 3.843821883201599121e-01 9.012601971626281738e-01 -8.970660567283630371e-01
0.000000000000000000e+00 0.000000000000000000e+00 0.000000000000000000e+00 1.000000000000000000e+00
9.555203318595886230e-01 -2.746294140815734863e-01 -1.075151562690734863e-01 -7.573367655277252197e-02
1.833116263151168823e-01 8.386150002479553223e-01 -5.129538178443908691e-01 2.396397739648818970e-01
2.310360819101333618e-01 4.704290330410003662e-01 8.516564369201660156e-01 -8.640982508659362793e-01
0.000000000000000000e+00 0.000000000000000000e+00 0.000000000000000000e+00 1.000000000000000000e+00
9.405002593994140625e-01 -3.359791934490203857e-01 -5.076658353209495544e-02 -1.640063077211380005e-01
2.716353833675384521e-01 8.331700563430786133e-01 -4.817071855068206787e-01 2.057476341724395752e-01
2.041408419609069824e-01 4.392556846141815186e-01 8.748604655265808105e-01 -8.870599865913391113e-01
0.000000000000000000e+00 0.000000000000000000e+00 0.000000000000000000e+00 1.000000000000000000e+00
9.340510368347167969e-01 -3.564646244049072266e-01 -2.194230258464813232e-02 -2.100323289632797241e-01
3.187437057495117188e-01 8.597705364227294922e-01 -3.989947140216827393e-01 1.250645518302917480e-01
1.610929816961288452e-01 3.656874597072601318e-01 9.166905879974365234e-01 -9.207429885864257812e-01
0.000000000000000000e+00 0.000000000000000000e+00 0.000000000000000000e+00 1.000000000000000000e+00
9.233561158180236816e-01 -3.836937844753265381e-01 1.387176755815744400e-02 -2.665767073631286621e-01
3.689311444759368896e-01 8.766666054725646973e-01 -3.087803721427917480e-01 3.546775877475738525e-02
1.063162758946418762e-01 2.902319431304931641e-01 9.510321617126464844e-01 -9.499295949935913086e-01
0.000000000000000000e+00 0.000000000000000000e+00 0.000000000000000000e+00 1.000000000000000000e+00
9.073953628540039062e-01 -4.176039993762969971e-01 4.733425006270408630e-02 -3.269980847835540771e-01
4.172587692737579346e-01 8.816688656806945801e-01 -2.203520387411117554e-01 -5.277108401060104370e-02
5.028678849339485168e-02 2.196970432996749878e-01 9.742712378501892090e-01 -9.770916104316711426e-01
0.000000000000000000e+00 0.000000000000000000e+00 0.000000000000000000e+00 1.000000000000000000e+00
9.014596343040466309e-01 -4.269201457500457764e-01 7.148198038339614868e-02 -3.750267922878265381e-01
4.328576624393463135e-01 8.899009823799133301e-01 -1.439114212989807129e-01 -1.218577399849891663e-01
-2.173203742131590843e-03 1.606718599796295166e-01 9.870054721832275391e-01 -9.861000776290893555e-01
0.000000000000000000e+00 0.000000000000000000e+00 0.000000000000000000e+00 1.000000000000000000e+00
8.932191133499145508e-01 -4.316900670528411865e-01 1.257110983133316040e-01 -4.434022605419158936e-01
4.418258368968963623e-01 8.945657610893249512e-01 -6.739368289709091187e-02 -1.929590553045272827e-01
-8.336365222930908203e-02 1.157397553324699402e-01 9.897751212120056152e-01 -9.697703719139099121e-01
0.000000000000000000e+00 0.000000000000000000e+00 0.000000000000000000e+00 1.000000000000000000e+00
