1.000000000000000000e+00 0.000000000000000000e+00 0.000000000000000000e+00 -1.724681332446426074e+00
0.000000000000000000e+00 -1.000000000000000000e+00 0.000000000000000000e+00 -1.637983187453831979e+00
0.000000000000000000e+00 0.000000000000000000e+00 -1.000000000000000000e+00 -7.092073491318853229e+00
0.000000000000000000e+00 0.000000000000000000e+00 0.000000000000000000e+00 1.000000000000000000e+00
9.992488029999999632e-01 3.506526719999999986e-02 1.649953610000000001e-02 -1.577979808133799233e+00
3.383808960000000282e-02 -9.970043299999999942e-01 6.955067809999999906e-02 -1.211489639633973159e+00
1.888891870000000001e-02 -6.894011799999999468e-02 -9.974419469999999954e-01 -7.116119787337160218e+00
0.000000000000000000e+00 0.000000000000000000e+00 0.000000000000000000e+00 1.000000000000000000e+00
9.962644579999999639e-01 6.358588490000000037e-02 5.842877550000000197e-02 -1.238200731772033159e+00
5.399363120000000293e-02 -9.867232439999999993e-01 1.531723889999999921e-01 -6.418512171454565651e-01
6.739269200000000404e-02 -1.494454000000000060e-01 -9.864705200000000174e-01 -7.152668352988706957e+00
0.000000000000000000e+00 0.000000000000000000e+00 0.000000000000000000e+00 1.000000000000000000e+00
9.864698050000000329e-01 1.313096880000000077e-01 9.815812109999999535e-02 -8.561236071376706613e-01
9.909479320000000313e-02 -9.545589089999999555e-01 2.810647789999999868e-01 2.076125751755818760e-01
1.306042520000000040e-01 -2.675349410000000261e-01 -9.546557070000000200e-01 -7.102521392293090763e+00
0.000000000000000000e+00 0.000000000000000000e+00 0.000000000000000000e+00 1.000000000000000000e+00
9.690487979999999890e-01 2.149718250000000053e-01 1.213736390000000054e-01 -5.700856766466270154e-01
1.494716259999999963e-01 -9.022089239999999677e-01 4.045704600000000206e-01 1.017276707462752672e+00
1.964756549999999991e-01 -3.739066120000000271e-01 -9.064166550000000155e-01 -6.934637622431695014e+00
0.000000000000000000e+00 0.000000000000000000e+00 0.000000000000000000e+00 1.000000000000000000e+00
9.537624719999999723e-01 2.814263699999999813e-01 1.055284519999999948e-01 -5.750046864123258272e-01
1.915024070000000134e-01 -8.396120070000000490e-01 5.083093050000000446e-01 1.708908092838515858e+00
2.316546590000000128e-01 -4.645973740000000074e-01 -8.546842930000000393e-01 -6.680996367521521151e+00
0.000000000000000000e+00 0.000000000000000000e+00 0.000000000000000000e+00 1.000000000000000000e+00
9.378963710000000065e-01 3.433373270000000255e-01 4.969704149999999709e-02 -1.247917191082500654e+00
2.804792819999999964e-01 -8.347688319999999607e-01 4.738061430000000129e-01 1.421594281992181630e+00
2.041609289999999910e-01 -4.304420350000000006e-01 -8.792257310000000103e-01 -6.861586454419708936e+00
0.000000000000000000e+00 0.000000000000000000e+00 0.000000000000000000e+00 1.000000000000000000e+00
9.307025669999999806e-01 3.651520309999999880e-01 2.136672469999999907e-02 -1.596379674606991816e+00
3.287852110000000216e-01 -8.607494239999999852e-01 3.886005880000000245e-01 7.786937931597330831e-01
1.602898239999999974e-01 -3.546465039999999735e-01 -9.211584329999999987e-01 -7.118244477287036354e+00
0.000000000000000000e+00 0.000000000000000000e+00 0.000000000000000000e+00 1.000000000000000000e+00
9.186778070000000129e-01 3.948138359999999736e-01 -1.236768910000000075e-02 -2.012080060877891263e+00
3.805025819999999781e-01 -8.761027460000000433e-01 2.960768939999999794e-01 6.588348167771441999e-02
1.060599829999999966e-01 -2.767052050000000096e-01 -9.550840259999999748e-01 -7.339360438821120880e+00
0.000000000000000000e+00 0.000000000000000000e+00 0.000000000000000000e+00 1.000000000000000000e+00
9.139009120000000097e-01 4.034527840000000087e-01 -4.484343159999999717e-02 -2.526685715811961330e+00
4.009054599999999913e-01 -8.797089460000000471e-01 2.557085749999999935e-01 -1.792987226013609270e-01
6.371720879999999421e-02 -2.516703009999999852e-01 -9.657132630000000439e-01 -7.545955146317766093e+00
0.000000000000000000e+00 0.000000000000000000e+00 0.000000000000000000e+00 1.000000000000000000e+00
8.973640200000000400e-01 4.363222720000000110e-01 -6.603453310000000076e-02 -2.818579015670426902e+00
4.405792359999999852e-01 -8.773342370000000168e-01 1.901959480000000036e-01 -6.799352767127052610e-01
2.505240959999999878e-02 -1.997684540000000120e-01 -9.795228240000000142e-01 -7.671875433784967058e+00
0.000000000000000000e+00 0.000000000000000000e+00 0.000000000000000000e+00 1.000000000000000000e+00
8.900609609999999838e-01 4.467160399999999809e-01 -9.075347329999999824e-02 -3.108364858921681684e+00
4.550122320000000165e-01 -8.826594349999999922e-01 1.177969279999999952e-01 -1.219857194709191406e+00
-2.748260270000000074e-02 -1.461403970000000052e-01 -9.888820649999999768e-01 -7.659795986334441587e+00
0.000000000000000000e+00 0.000000000000000000e+00 0.000000000000000000e+00 1.000000000000000000e+00
7.300165299999999968e-01 5.882278079999999632e-01 -3.479419049999999958e-01 -4.658172372664881600e+00
6.613140699999999761e-01 -7.364584210000000297e-01 1.424513159999999945e-01 -1.459999329423981473e+00
-1.724508260000000015e-01 -3.340907989999999939e-01 -9.266304370000000290e-01 -7.121808610134162443e+00
0.000000000000000000e+00 0.000000000000000000e+00 0.000000000000000000e+00 1.000000000000000000e+00
8.115746969999999560e-01 4.660498800000000275e-01 -3.523403410000000013e-01 -5.233459742231567624e+00
5.545001029999999664e-01 -8.044049140000000264e-01 2.132182569999999944e-01 -6.824837696422485500e-01
-1.840538529999999895e-01 -3.684154150000000238e-01 -9.112596509999999483e-01 -7.055547448528122878e+00
0.000000000000000000e+00 0.000000000000000000e+00 0.000000000000000000e+00 1.000000000000000000e+00
9.070186019999999516e-01 3.835856619999999939e-01 -1.737214330000000084e-01 -4.575993709285499200e+00
4.109447900000000042e-01 -8.963418010000000491e-01 1.664199379999999895e-01 -5.031348041797099047e-01
-9.187743810000000011e-02 -2.223359500000000044e-01 -9.706313610000000258e-01 -8.036213920268384214e+00
0.000000000000000000e+00 0.000000000000000000e+00 0.000000000000000000e+00 1.000000000000000000e+00
9.464909430000000290e-01 3.046858610000000023e-01 -1.064018530000000046e-01 -4.295885486710706580e+00
3.216771780000000081e-01 -9.172674419999999884e-01 2.348279060000000029e-01 3.892302280813302873e-01
-2.605017269999999885e-02 -2.564895449999999855e-01 -9.661958809999999787e-01 -8.264938005489588235e+00
0.000000000000000000e+00 0.000000000000000000e+00 0.000000000000000000e+00 1.000000000000000000e+00
