1 0 0 -0.2246657013893127 
0 1 0 -0.1996245533227921 
0 0 1 -0.9186304211616516 
0 0 0 1 

0.9996211528778076 -0.02467273361980915 -0.01219856925308704 -0.2115491628646851 
0.02350719831883907 0.9958528876304626 -0.0878891721367836 -0.1230749934911728 
0.0143164424225688 0.08756912499666214 0.996055543422699 -0.9224416613578796 
0 0 0 1 

0.9941796660423279 -0.08040987700223923 -0.07170077413320541 -0.1455704718828201 
0.06775132566690445 0.9840958118438721 -0.1642109602689743 -0.06052931398153305 
0.08376459777355194 0.1583973914384842 0.9838159680366516 -0.9283497333526611 
0 0 0 1 

0.9830808639526367 -0.1493563950061798 -0.1060406342148781 -0.1004570797085762 
0.1126969754695892 0.9495571255683899 -0.2926441133022308 0.0505901537835598 
0.1443999409675598 0.275742381811142 0.9503234624862671 -0.9194871783256531 
0 0 0 1 

0.9642019271850586 -0.2308613806962967 -0.1304513663053513 -0.06266460567712784 
0.159687414765358 0.8982744216918945 -0.4093932509422302 0.1500142067670822 
0.2116942852735519 0.3739063143730164 0.9029836654663086 -0.8971635103225708 
0 0 0 1 

0.9477537870407104 -0.2982777655124664 -0.1131063252687454 -0.06424478441476822 
0.199892058968544 0.8316152691841125 -0.5181303024291992 0.2448539882898331 
0.2486077696084976 0.4684508740901947 0.8477899432182312 -0.8625310659408569 
0 0 0 1 

0.9365617632865906 -0.3433705270290375 -0.07034660130739212 -0.1201387420296669 
0.2498118132352829 0.7947101593017578 -0.5531997680664062 0.2740645110607147 
0.2458577454090118 0.5005323886871338 0.8300731182098389 -0.8470230102539062 
0 0 0 1 

