1 0 0 -0.2246657013893127 
0 1 0 -0.1996245533227921 
0 0 1 -0.9186304211616516 
0 0 0 1 

0.9988583326339722 -0.0427226796746254 -0.02137355878949165 -0.1994682103395462 
0.04105713218450546 0.9964803457260132 -0.07308342307806015 -0.142840251326561 
0.02442065440118313 0.07212244719266891 0.9970967769622803 -0.9235780835151672 
0 0 0 1 

0.9951658844947815 -0.072688989341259 -0.06603876501321793 -0.152610182762146 
0.06183711439371109 0.9861885905265808 -0.1536493450403214 -0.07206180691719055 
0.07629533857107162 0.1488229185342789 0.9859161376953125 -0.928109347820282 
0 0 0 1 

0.9839842915534973 -0.145116001367569 -0.1035189777612686 -0.1040105894207954 
0.1097298264503479 0.9507749676704407 -0.2898038327693939 0.04521249234676361 
0.1404784768819809 0.2738032639026642 0.951471209526062 -0.920903742313385 
0 0 0 1 

0.9665176868438721 -0.2234785109758377 -0.1260986924171448 -0.06866570562124252 
0.1537560969591141 0.8978177905082703 -0.4126525223255157 0.1509858369827271 
0.2054326832294464 0.3794474899768829 0.9021180272102356 -0.8978064656257629 
0 0 0 1 

0.9513543248176575 -0.2885668873786926 -0.1079540550708771 -0.07153403759002686 
0.1958444267511368 0.8368855714797974 -0.5111432075500488 0.2360697090625763 
0.2378442287445068 0.4651360809803009 0.8526889681816101 -0.8652356863021851 
0 0 0 1 

0.9354971051216125 -0.3495520353317261 -0.05156101658940315 -0.1593907624483109 
0.2843248248100281 0.8313634395599365 -0.477487325668335 0.1994760930538177 
0.2097726613283157 0.4320279359817505 0.8771244287490845 -0.8890640139579773 
0 0 0 1 

0.9278001189231873 -0.3723801374435425 -0.02280022576451302 -0.2046168595552444 
0.3340762853622437 0.8564599752426147 -0.3935341835021973 0.1166457757353783 
0.166071891784668 0.3575040102005005 0.9190271496772766 -0.9227456450462341 
0 0 0 1 

0.9172094464302063 -0.3982131481170654 0.01237108558416367 -0.2608212828636169 
0.3831788897514343 0.8732274770736694 -0.3010773658752441 0.02465779893100262 
0.109090268611908 0.2808912992477417 0.9535194635391235 -0.9514799118041992 
0 0 0 1 

0.9114809632301331 -0.4060965478420258 0.06548213213682175 -0.3367774486541748 
0.409379631280899 0.8800328373908997 -0.2407287210226059 -0.03066595271229744 
0.04013274610042572 0.2462267130613327 0.9683809876441956 -0.9619599580764771 
0 0 0 1 

