1 0 0 -0.2246657013893127 
0 1 0 -0.1996245533227921 
0 0 1 -0.9186304211616516 
0 0 0 1 

0.9988583326339722 -0.0427226796746254 -0.02137355878949165 -0.1994693577289581 
0.04105713218450546 0.9964803457260132 -0.07308342307806015 -0.1428393572568893 
0.02442065440118313 0.07212244719266891 0.9970967769622803 -0.9235756993293762 
0 0 0 1 

0.9951658844947815 -0.07268915325403214 -0.06603889912366867 -0.1526109129190445 
0.06183723732829094 0.986188530921936 -0.1536496579647064 -0.07206226885318756 
0.07629550993442535 0.1488232016563416 0.9859160780906677 -0.9281083345413208 
0 0 0 1 

0.9839842915534973 -0.1451161950826645 -0.103519082069397 -0.1040106117725372 
0.1097299382090569 0.9507748484611511 -0.2898041307926178 0.04521222412586212 
0.140478640794754 0.2738035619258881 0.9514710903167725 -0.9209038615226746 
0 0 0 1 

0.9665176272392273 -0.223478689789772 -0.1260987371206284 -0.06866586208343506 
0.1537561863660812 0.8978176712989807 -0.4126528203487396 0.1509855091571808 
0.2054328471422195 0.379447728395462 0.9021178483963013 -0.8978064656257629 
0 0 0 1 

0.9513542652130127 -0.2885670065879822 -0.1079540476202965 -0.07153399288654327 
0.1958444565534592 0.836885392665863 -0.5111435055732727 0.2360696196556091 
0.2378443777561188 0.46513631939888 0.852688729763031 -0.8652358651161194 
0 0 0 1 

0.935496985912323 -0.3495522737503052 -0.05156098678708076 -0.1593906879425049 
0.2843249440193176 0.8313632011413574 -0.4774876236915588 0.1994760036468506 
0.2097728550434113 0.4320281147956848 0.8771242499351501 -0.8890640139579773 
0 0 0 1 

0.9278000593185425 -0.372380256652832 -0.02280019409954548 -0.2046169191598892 
0.3340763449668884 0.8564598560333252 -0.3935342729091644 0.1166455522179604 
0.1660719811916351 0.3575040996074677 0.9190270900726318 -0.9227455258369446 
0 0 0 1 

0.9172093272209167 -0.3982133865356445 0.01237114798277617 -0.2608213424682617 
0.3831791281700134 0.8732272386550903 -0.3010775446891785 0.02465766482055187 
0.1090903952717781 0.280891478061676 0.953519344329834 -0.9514799118041992 
0 0 0 1 

0.9181129932403564 -0.3936879932880402 0.04558756574988365 -0.3027686476707458 
0.3892954289913177 0.8742978572845459 -0.289917379617691 0.01624591276049614 
0.07427997887134552 0.2839239537715912 0.9559652805328369 -0.9516445994377136 
0 0 0 1 

