1 0 0 -0.2246657013893127 
0 1 0 -0.1996245533227921 
0 0 1 -0.9186304211616516 
0 0 0 1 

0.9988583326339722 -0.04272273182868958 -0.02137359045445919 -0.1994698941707611 
0.04105719178915024 0.996480405330658 -0.07308351993560791 -0.1428389251232147 
0.02442067861557007 0.07212254405021667 0.9970967769622803 -0.9235745072364807 
0 0 0 1 

0.9951658248901367 -0.07268920540809631 -0.06603893637657166 -0.1526110768318176 
0.06183727830648422 0.9861884713172913 -0.153649777173996 -0.07206253707408905 
0.07629556953907013 0.1488233059644699 0.9859160780906677 -0.9281082153320312 
0 0 0 1 

0.9839842319488525 -0.1451162546873093 -0.1035191267728806 -0.1040106937289238 
0.109729990363121 0.9507747888565063 -0.2898042798042297 0.04521211236715317 
0.1404787003993988 0.2738036811351776 0.9514710903167725 -0.9209038615226746 
0 0 0 1 

0.9665176272392273 -0.2234787493944168 -0.1260987371206284 -0.06866602599620819 
0.1537562012672424 0.8978176116943359 -0.412652850151062 0.1509853303432465 
0.2054329067468643 0.3794477880001068 0.9021178483963013 -0.8978062868118286 
0 0 0 1 

0.9513542056083679 -0.2885671257972717 -0.1079540476202965 -0.07153405994176865 
0.1958445012569427 0.8368852734565735 -0.5111436247825623 0.2360694706439972 
0.2378444671630859 0.4651364088058472 0.852688729763031 -0.8652358055114746 
0 0 0 1 

0.9354969263076782 -0.3495523929595947 -0.05156099423766136 -0.1593905836343765 
0.2843250632286072 0.8313630819320679 -0.4774878025054932 0.1994759887456894 
0.2097729593515396 0.4320282936096191 0.8771241903305054 -0.8890641331672668 
0 0 0 1 

0.9277999997138977 -0.3723803758621216 -0.02280018478631973 -0.2046167701482773 
0.3340764343738556 0.8564597964286804 -0.3935343623161316 0.1166454553604126 
0.1660720258951187 0.3575041890144348 0.9190270900726318 -0.9227457046508789 
0 0 0 1 

0.9172093272209167 -0.3982134759426117 0.01237113401293755 -0.2608214318752289 
0.3831791877746582 0.8732272386550903 -0.3010775744915009 0.02465759590268135 
0.1090903952717781 0.2808915674686432 0.953519344329834 -0.9514799118041992 
0 0 0 1 

0.9154276251792908 -0.4004493951797485 0.04040303081274033 -0.2958822846412659 
0.3946782052516937 0.8734709024429321 -0.2850923538208008 0.008987469598650932 
0.07887417823076248 0.2769279181957245 0.9576481580734253 -0.9536506533622742 
0 0 0 1 

