1.000000000000000000e+00 0.000000000000000000e+00 0.000000000000000000e+00 -1.724681335448287500e+00
0.000000000000000000e+00 -1.000000000000000000e+00 0.000000000000000000e+00 -1.637983189942774365e+00
0.000000000000000000e+00 0.000000000000000000e+00 -1.000000000000000000e+00 -7.092073492565295290e+00
0.000000000000000000e+00 0.000000000000000000e+00 0.000000000000000000e+00 1.000000000000000000e+00
9.993229508399963379e-01 3.096801973879337311e-02 1.986513100564479828e-02 -1.561797814553113062e+00
2.939789183437824249e-02 -9.967517852783203125e-01 7.497843354940414429e-02 -1.170481999469386913e+00
2.212251164019107819e-02 -7.434368878602981567e-02 -9.969872832298278809e-01 -7.130870378650765673e+00
0.000000000000000000e+00 0.000000000000000000e+00 0.000000000000000000e+00 1.000000000000000000e+00
9.957123398780822754e-01 6.730446964502334595e-02 6.345822662115097046e-02 -1.197410369858880275e+00
5.679403617978096008e-02 -9.862922430038452148e-01 1.549254804849624634e-01 -6.397933957053081322e-01
7.301558554172515869e-02 -1.506571322679519653e-01 -9.858859181404113770e-01 -7.163694412059411931e+00
0.000000000000000000e+00 0.000000000000000000e+00 0.000000000000000000e+00 1.000000000000000000e+00
9.856058359146118164e-01 1.344480216503143311e-01 1.024928167462348938e-01 -8.212375598369788809e-01
9.968908876180648804e-02 -9.518346786499023438e-01 2.899529337882995605e-01 2.632649261602791890e-01
1.365398615598678589e-01 -2.755618691444396973e-01 -9.515368342399597168e-01 -7.107367322861284364e+00
0.000000000000000000e+00 0.000000000000000000e+00 0.000000000000000000e+00 1.000000000000000000e+00
9.683288931846618652e-01 2.166136056184768677e-01 1.241680905222892761e-01 -5.485244531852201400e-01
1.481016427278518677e-01 -8.986940383911132812e-01 4.128133356571197510e-01 1.072636473182942751e+00
2.010101377964019775e-01 -3.813495337963104248e-01 -9.023122191429138184e-01 -6.929314176305078732e+00
0.000000000000000000e+00 0.000000000000000000e+00 0.000000000000000000e+00 1.000000000000000000e+00
9.535074830055236816e-01 2.817287743091583252e-01 1.070154681801795959e-01 -5.645829290368467035e-01
1.902028918266296387e-01 -8.380087614059448242e-01 5.114333629608154297e-01 1.728016993918573441e+00
2.337654232978820801e-01 -4.673008620738983154e-01 -8.526332974433898926e-01 -6.677987418793855490e+00
0.000000000000000000e+00 0.000000000000000000e+00 0.000000000000000000e+00 1.000000000000000000e+00
9.381545782089233398e-01 3.426891863346099854e-01 4.929607734084129333e-02 -1.251958954390484768e+00
2.787862122058868408e-01 -8.321670889854431152e-01 4.793497025966644287e-01 1.458878878121943945e+00
2.052905559539794922e-01 -4.359610378742218018e-01 -8.762384057044982910e-01 -6.855914177654914177e+00
0.000000000000000000e+00 0.000000000000000000e+00 0.000000000000000000e+00 1.000000000000000000e+00
9.314500689506530762e-01 3.631384968757629395e-01 2.304583229124546051e-02 -1.589305292116460988e+00
3.248634338378906250e-01 -8.584613204002380371e-01 3.968724608421325684e-01 8.390152529869174813e-01
1.639037430286407471e-01 -3.621801137924194336e-01 -9.175843596458435059e-01 -7.116880409777071925e+00
0.000000000000000000e+00 0.000000000000000000e+00 0.000000000000000000e+00 1.000000000000000000e+00
9.210767745971679688e-01 3.891874551773071289e-01 -1.227270718663930893e-02 -2.024056558329719646e+00
3.740856051445007324e-01 -8.757091760635375977e-01 3.052755892276763916e-01 1.383381578715636995e-01
1.080621853470802307e-01 -2.857733070850372314e-01 -9.521849155426025391e-01 -7.340767709284516940e+00
0.000000000000000000e+00 0.000000000000000000e+00 0.000000000000000000e+00 1.000000000000000000e+00
9.024232029914855957e-01 4.283953011035919189e-01 -4.593124240636825562e-02 -2.476457176782787872e+00
4.278003871440887451e-01 -8.782656788825988770e-01 2.136259675025939941e-01 -5.818821516464207644e-01
5.117658525705337524e-02 -2.124304473400115967e-01 -9.758351445198059082e-01 -7.547995731796769192e+00
0.000000000000000000e+00 0.000000000000000000e+00 0.000000000000000000e+00 1.000000000000000000e+00
9.059068560600280762e-01 4.137917459011077881e-01 -9.004983305931091309e-02 -3.051843593220832318e+00
4.226632416248321533e-01 -8.966622948646545410e-01 1.317279487848281860e-01 -1.098184905806234957e+00
-2.623628824949264526e-02 -1.573940366506576538e-01 -9.871872663497924805e-01 -7.547995272205150208e+00
0.000000000000000000e+00 0.000000000000000000e+00 0.000000000000000000e+00 1.000000000000000000e+00
