1 0 0 -0.2246657013893127 
0 1 0 -0.1996245533227921 
0 0 1 -0.9186304211616516 
0 0 0 1 

0.9996211528778076 -0.0246729850769043 -0.01219868753105402 -0.2115509063005447 
0.02350743114948273 0.9958528280258179 -0.08789006620645523 -0.123073473572731 
0.01431659050285816 0.08757000416517258 0.996055543422699 -0.922434389591217 
0 0 0 1 

0.9941796660423279 -0.08040989935398102 -0.07170077413320541 -0.1455719321966171 
0.06775134801864624 0.9840958118438721 -0.1642109304666519 -0.06052788719534874 
0.08376459777355194 0.1583973616361618 0.9838159680366516 -0.928345263004303 
0 0 0 1 

0.9830808043479919 -0.1493568122386932 -0.106040857732296 -0.1004582494497299 
0.1126971915364265 0.9495568871498108 -0.2926449179649353 0.05058959499001503 
0.144400343298912 0.2757430672645569 0.950323224067688 -0.9194850921630859 
0 0 0 1 

0.964201807975769 -0.2308617979288101 -0.1304514855146408 -0.06266508996486664 
0.1596875935792923 0.8982741236686707 -0.409393846988678 0.150013342499733 
0.2116946578025818 0.3739067912101746 0.9029833674430847 -0.8971636891365051 
0 0 0 1 

0.9477537274360657 -0.2982780635356903 -0.1131063029170036 -0.06424560397863388 
0.1998921930789948 0.8316149711608887 -0.5181307196617126 0.2448526322841644 
0.2486080229282379 0.4684512317180634 0.8477896451950073 -0.8625303506851196 
0 0 0 1 

0.9426692128181458 -0.3146094977855682 -0.1113355085253716 -0.06436546146869659 
0.2023877650499344 0.8041883111000061 -0.5588561296463013 0.2822888195514679 
0.2653562128543854 0.5042835474014282 0.8217567205429077 -0.8416574001312256 
0 0 0 1 

