1 0 0 -0.2246657013893127 
0 1 0 -0.1996245533227921 
0 0 1 -0.9186304211616516 
0 0 0 1 

0.9996211528778076 -0.02467303723096848 -0.01219869032502174 -0.2115509212017059 
0.02350746281445026 0.9958527684211731 -0.08789021521806717 -0.1230731308460236 
0.01431663334369659 0.08757015317678452 0.9960553646087646 -0.9224340915679932 
0 0 0 1 

0.9941796660423279 -0.08040990680456161 -0.07170075178146362 -0.145572230219841 
0.06775131821632385 0.9840957522392273 -0.1642109155654907 -0.06052757799625397 
0.08376459777355194 0.1583973318338394 0.9838159084320068 -0.9283442497253418 
0 0 0 1 

0.9830808043479919 -0.1493569314479828 -0.106040932238102 -0.1004583835601807 
0.1126972585916519 0.9495567679405212 -0.2926451563835144 0.05058953911066055 
0.1444004625082016 0.275743305683136 0.9503231644630432 -0.9194849133491516 
0 0 0 1 

0.964201807975769 -0.2308618575334549 -0.1304515153169632 -0.06266507506370544 
0.1596876382827759 0.8982741236686707 -0.4093939065933228 0.1500131785869598 
0.2116947025060654 0.3739068508148193 0.9029833078384399 -0.8971638083457947 
0 0 0 1 

0.9477536678314209 -0.2982780933380127 -0.1131063103675842 -0.06424571573734283 
0.1998922079801559 0.8316149115562439 -0.5181307792663574 0.2448523789644241 
0.2486080527305603 0.4684512615203857 0.8477896451950073 -0.8625302910804749 
0 0 0 1 

0.9419936537742615 -0.3153644502162933 -0.1148616895079613 -0.06099272146821022 
0.2023576945066452 0.80668044090271 -0.5552641153335571 0.2788147032260895 
0.2677671909332275 0.4998120069503784 0.8237044215202332 -0.8427590727806091 
0 0 0 1 

