1.000000000000000000e+00 0.000000000000000000e+00 0.000000000000000000e+00 -1.724681335448287500e+00
0.000000000000000000e+00 -1.000000000000000000e+00 0.000000000000000000e+00 -1.637983189942774365e+00
0.000000000000000000e+00 0.000000000000000000e+00 -1.000000000000000000e+00 -7.092073492565295290e+00
0.000000000000000000e+00 0.000000000000000000e+00 0.000000000000000000e+00 1.000000000000000000e+00
9.994124770164489746e-01 3.004012256860733032e-02 1.650176011025905609e-02 -1.586540274040365128e+00
2.879424765706062317e-02 -9.970496892929077148e-01 7.115357369184494019e-02 -1.195885121908542237e+00
1.859054528176784515e-02 -7.063660770654678345e-02 -9.973288774490356445e-01 -7.119899467120412773e+00
0.000000000000000000e+00 0.000000000000000000e+00 0.000000000000000000e+00 1.000000000000000000e+00
9.961028695106506348e-01 6.322524696588516235e-02 6.149415671825408936e-02 -1.217603561708278992e+00
5.315323546528816223e-02 -9.867179989814758301e-01 1.534996032714843750e-01 -6.422063091525157530e-01
7.038250565528869629e-02 -1.496327519416809082e-01 -9.862332940101623535e-01 -7.157145231492719084e+00
0.000000000000000000e+00 0.000000000000000000e+00 0.000000000000000000e+00 1.000000000000000000e+00
9.862598776817321777e-01 1.310218721628189087e-01 1.006217077374458313e-01 -8.397366395308406561e-01
9.760942310094833374e-02 -9.535666108131408691e-01 2.849264740943908691e-01 2.323735616817589611e-01
1.332811266183853149e-01 -2.711899280548095703e-01 -9.532534480094909668e-01 -7.104243019037257412e+00
0.000000000000000000e+00 0.000000000000000000e+00 0.000000000000000000e+00 1.000000000000000000e+00
9.692508578300476074e-01 2.121614664793014526e-01 1.246605738997459412e-01 -5.534180698433959211e-01
1.451121717691421509e-01 -9.019380807876586914e-01 4.067556262016296387e-01 1.036139728251237679e+00
1.987340003252029419e-01 -3.761584758758544922e-01 -9.049914479255676270e-01 -6.933023999851348762e+00
0.000000000000000000e+00 0.000000000000000000e+00 0.000000000000000000e+00 1.000000000000000000e+00
9.551228284835815430e-01 2.758061885833740234e-01 1.080336198210716248e-01 -5.696189041989195845e-01
1.850584894418716431e-01 -8.403948545455932617e-01 5.094013214111328125e-01 1.722196380965448803e+00
2.312869876623153687e-01 -4.665482640266418457e-01 -8.537206053733825684e-01 -6.678150114226880874e+00
0.000000000000000000e+00 0.000000000000000000e+00 0.000000000000000000e+00 1.000000000000000000e+00
9.403933882713317871e-01 3.364436924457550049e-01 4.965779557824134827e-02 -1.262302523361291451e+00
2.737122476100921631e-01 -8.354027867317199707e-01 4.766377806663513184e-01 1.449897538709009615e+00
2.018461227416992188e-01 -4.346350431442260742e-01 -8.776960372924804688e-01 -6.854337778402721071e+00
0.000000000000000000e+00 0.000000000000000000e+00 0.000000000000000000e+00 1.000000000000000000e+00
9.347528219223022461e-01 3.546764552593231201e-01 2.101792208850383759e-02 -1.621623430050806558e+00
3.175221979618072510e-01 -8.604478836059570312e-01 3.985083401203155518e-01 8.665754686885129843e-01
1.594264358282089233e-01 -3.658331334590911865e-01 -9.169238209724426270e-01 -7.104656191902482654e+00
0.000000000000000000e+00 0.000000000000000000e+00 0.000000000000000000e+00 1.000000000000000000e+00
9.236103296279907227e-01 3.829967081546783447e-01 -1.604205556213855743e-02 -2.064151101350632622e+00
3.692618906497955322e-01 -8.776944875717163086e-01 3.054468929767608643e-01 1.517730262432777644e-01
1.029052287340164185e-01 -2.880376279354095459e-01 -9.520739316940307617e-01 -7.326473031167615169e+00
0.000000000000000000e+00 0.000000000000000000e+00 0.000000000000000000e+00 1.000000000000000000e+00
9.095730781555175781e-01 4.130768775939941406e-01 -4.521276056766510010e-02 -2.507101367143867776e+00
4.115527272224426270e-01 -8.804454207420349121e-01 2.354571670293807983e-01 -3.697218206065916446e-01
5.745458602905273438e-02 -2.327729314565658569e-01 -9.708324670791625977e-01 -7.549184235722766978e+00
0.000000000000000000e+00 0.000000000000000000e+00 0.000000000000000000e+00 1.000000000000000000e+00
8.958778381347656250e-01 4.390606582164764404e-01 -6.803358346223831177e-02 -2.829688034932706930e+00
4.440008699893951416e-01 -8.790940046310424805e-01 1.733689755201339722e-01 -8.397122454603697106e-01
1.631161943078041077e-02 -1.855243891477584839e-01 -9.825042486190795898e-01 -7.663021402945596527e+00
0.000000000000000000e+00 0.000000000000000000e+00 0.000000000000000000e+00 1.000000000000000000e+00
8.885484337806701660e-01 4.483543634414672852e-01 -9.726263582706451416e-02 -3.155287325782224706e+00
4.568511843681335449e-01 -8.841286897659301758e-01 9.799690544605255127e-02 -1.398473107438245044e+00
-4.205534234642982483e-02 -1.315095573663711548e-01 -9.904224276542663574e-01 -7.621966543237377323e+00
0.000000000000000000e+00 0.000000000000000000e+00 0.000000000000000000e+00 1.000000000000000000e+00
8.468914031982421875e-01 4.896603524684906006e-01 -2.073825597763061523e-01 -4.054167873660261101e+00
5.028904676437377930e-01 -8.642517328262329102e-01 1.303793489933013916e-02 -2.086616191203519044e+00
-1.728465557098388672e-01 -1.153324693441390991e-01 -9.781730175018310547e-01 -7.321947892089744059e+00
0.000000000000000000e+00 0.000000000000000000e+00 0.000000000000000000e+00 1.000000000000000000e+00
